日期,股票代码,开盘,收盘,最高,最低,成交量,成交额,振幅,涨跌幅,涨跌额,换手率
2008-01-02,002194,14.42,14.67,14.89,14.07,22901,119920448.74,5.69,1.73,0.25,5.32
2008-01-03,002194,14.61,14.92,15.24,14.16,35346,186664131.44,7.36,1.7,0.25,8.21
2008-01-04,002194,14.77,14.57,15.15,14.54,21533,113672072.15,4.09,-2.35,-0.35,5.0
2008-01-07,002194,14.32,14.18,14.38,13.86,45061,229717087.57,3.57,-2.68,-0.39,10.47
2008-01-08,002194,14.19,13.58,14.33,13.57,45115,226128683.23,5.36,-4.23,-0.6,10.48
2008-01-09,002194,13.55,14.06,14.08,13.55,23773,119236961.02,3.9,3.53,0.48,5.52
2008-01-10,002194,14.14,13.99,14.22,13.83,24868,125976186.66,2.77,-0.5,-0.07,5.78
2008-01-11,002194,14.0,14.62,14.7,14.0,39396,205804220.18,5.0,4.5,0.63,9.15
2008-01-14,002194,14.57,14.51,14.61,14.19,14836,77020115.82,2.87,-0.75,-0.11,3.45
2008-01-15,002194,14.45,14.82,14.92,14.39,25211,132998034.38,3.65,2.14,0.31,5.86
2008-01-16,002194,14.67,14.1,14.7,14.08,25764,133080480.29,4.18,-4.86,-0.72,5.99
2008-01-17,002194,14.06,14.46,14.81,13.67,28399,147115304.63,8.09,2.55,0.36,6.6
2008-01-18,002194,14.57,15.73,16.13,14.33,56760,313813351.15,12.45,8.78,1.27,13.19
2008-01-21,002194,16.21,15.63,16.65,15.41,55778,320288682.91,7.88,-0.64,-0.1,12.96
2008-01-22,002194,15.12,14.54,16.18,14.13,66602,360794203.05,13.12,-6.97,-1.09,15.47
2008-01-24,002194,15.88,16.22,16.22,15.52,43239,246959565.08,4.81,11.55,1.68,10.05
2008-01-25,002194,17.55,16.61,17.75,16.46,55891,337588701.2,7.95,2.4,0.39,12.99
2008-01-28,002194,16.28,16.34,17.43,16.22,41187,244375975.76,7.28,-1.63,-0.27,9.57
2008-01-29,002194,16.75,16.28,16.91,15.76,19925,114676833.05,7.04,-0.37,-0.06,4.63
2008-01-30,002194,16.46,16.62,17.17,16.12,21277,125834216.44,6.45,2.09,0.34,4.94
2008-01-31,002194,16.46,14.92,16.62,14.78,29281,163316583.86,11.07,-10.23,-1.7,6.8
2008-02-01,002194,14.72,13.79,15.04,13.38,31511,159609982.31,11.13,-7.57,-1.13,7.32
2008-02-04,002194,14.12,15.02,15.14,14.12,20680,108888635.17,7.4,8.92,1.23,4.8
2008-02-05,002194,15.07,14.54,15.08,14.29,15709,82789819.15,5.26,-3.2,-0.48,3.65
2008-02-13,002194,14.31,14.35,14.7,13.82,8825,45487923.88,6.05,-1.31,-0.19,2.05
2008-02-14,002194,14.57,14.64,14.89,14.45,8207,43354628.9,3.07,2.02,0.29,1.91
2008-02-15,002194,14.45,15.41,15.46,14.3,24254,130845483.18,7.92,5.26,0.77,5.64
2008-02-18,002194,15.73,16.14,16.34,15.52,25754,147075414.74,5.32,4.74,0.73,5.98
2008-02-19,002194,15.95,15.98,16.3,15.88,15489,88436491.48,2.6,-0.99,-0.16,3.6
2008-02-20,002194,16.05,15.96,16.33,15.75,16020,91439290.79,3.63,-0.13,-0.02,3.72
2008-02-21,002194,15.96,15.94,16.21,15.53,12805,72541884.85,4.26,-0.13,-0.02,2.98
2008-02-22,002194,15.91,14.77,15.98,14.45,22833,123470280.85,9.6,-7.34,-1.17,5.3
2008-02-25,002194,14.61,14.29,14.93,14.19,12532,65537176.04,5.01,-3.25,-0.48,2.91
2008-02-26,002194,14.77,14.45,15.09,13.87,18778,96964485.96,8.54,1.12,0.16,4.36
2008-02-27,002194,14.52,14.89,15.02,14.29,10844,57528196.2,5.05,3.04,0.44,2.52
2008-02-28,002194,14.77,14.41,14.89,14.32,9511,49622934.69,3.83,-3.22,-0.48,2.21
2008-02-29,002194,14.45,14.96,15.02,14.38,9444,49771304.91,4.44,3.82,0.55,2.19
2008-03-03,002194,14.77,15.08,15.26,14.45,15574,83656195.87,5.41,0.8,0.12,3.62
2008-03-04,002194,15.05,14.3,15.09,14.3,15947,83698044.1,5.24,-5.17,-0.78,3.71
2008-03-05,002194,14.3,13.96,14.45,13.48,15810,79691463.56,6.78,-2.38,-0.34,3.67
2008-03-06,002194,13.84,13.74,14.27,13.58,11427,57432541.09,4.94,-1.58,-0.22,2.65
2008-03-07,002194,13.32,12.81,13.47,12.77,58306,277567534.09,5.09,-6.77,-0.93,10.84
2008-03-10,002194,12.43,12.52,12.75,12.37,20684,95054057.25,2.97,-2.26,-0.29,3.84
2008-03-11,002194,12.52,12.91,12.91,12.37,14369,66471816.9,4.31,3.12,0.39,2.67
2008-03-12,002194,13.16,12.22,13.29,12.22,19329,89821175.99,8.29,-5.34,-0.69,3.59
2008-03-13,002194,11.89,12.33,12.36,11.56,17288,76252427.24,6.55,0.9,0.11,3.21
2008-03-14,002194,12.25,12.04,12.33,11.88,7398,33045059.34,3.65,-2.35,-0.29,1.38
2008-03-17,002194,12.06,10.79,12.09,10.76,15132,63910588.33,11.05,-10.38,-1.25,2.81
2008-03-18,002194,10.73,9.8,11.02,9.5,21733,83044539.14,14.09,-9.18,-0.99,4.04
2008-03-19,002194,9.8,10.09,10.54,9.64,18429,71019588.76,9.18,2.96,0.29,3.43
2008-03-20,002194,9.8,10.79,10.8,8.86,39849,146513590.12,19.23,6.94,0.7,7.41
2008-03-21,002194,10.46,10.73,10.86,10.36,15543,62404247.51,4.63,-0.56,-0.06,2.89
2008-03-24,002194,10.87,10.44,10.89,10.44,10289,41230581.24,4.19,-2.7,-0.29,1.91
2008-03-25,002194,10.12,10.65,10.66,9.96,14364,56424516.61,6.7,2.01,0.21,2.67
2008-03-26,002194,11.74,11.48,11.94,11.29,36022,156575013.79,6.1,7.79,0.83,6.7
2008-03-27,002194,11.22,10.76,11.56,10.66,27300,114491548.16,7.84,-6.27,-0.72,5.07
2008-03-28,002194,10.76,11.69,11.71,10.62,25357,107084829.28,10.13,8.64,0.93,4.71
2008-03-31,002194,11.24,11.18,11.81,11.11,16461,70211790.44,5.99,-4.36,-0.51,3.06
2008-04-01,002194,11.18,9.84,11.46,9.84,21253,82597478.79,14.49,-11.99,-1.34,3.95
2008-04-02,002194,10.15,9.35,10.22,9.0,18335,67692397.03,12.4,-4.98,-0.49,3.41
2008-04-03,002194,9.31,9.64,9.82,9.08,18892,68842964.11,7.91,3.1,0.29,3.51
2008-04-07,002194,9.48,10.54,10.58,9.33,23088,88553764.39,12.97,9.34,0.9,4.29
2008-04-08,002194,10.44,10.61,10.85,10.28,17020,68030036.8,5.41,0.66,0.07,3.16
2008-04-09,002194,10.44,9.73,10.74,9.64,17087,66784209.48,10.37,-8.29,-0.88,3.18
2008-04-10,002194,9.57,10.36,10.36,9.41,13435,50672720.59,9.76,6.47,0.63,2.5
2008-04-11,002194,10.38,10.79,11.0,10.37,15466,62442884.24,6.08,4.15,0.43,2.87
2008-04-14,002194,10.48,9.91,10.48,9.86,20296,78599450.83,5.75,-8.16,-0.88,3.77
2008-04-15,002194,9.8,10.58,10.6,9.77,11488,44300069.55,8.38,6.76,0.67,2.14
2008-04-17,002194,10.25,9.84,10.44,9.61,10736,41111103.55,7.84,-6.99,-0.74,2.0
2008-04-18,002194,9.85,9.17,9.86,9.09,9822,35710889.23,7.83,-6.81,-0.67,1.83
2008-04-21,002194,9.98,9.26,10.17,9.11,19948,73858041.82,11.56,0.98,0.09,3.71
2008-04-22,002194,9.0,8.51,9.15,8.12,22827,75629421.11,11.12,-8.1,-0.75,4.24
2008-04-23,002194,8.26,9.03,9.16,8.07,21957,74248182.37,12.81,6.11,0.52,4.08
2008-04-24,002194,10.15,10.15,10.15,9.84,50053,192605606.88,3.43,12.4,1.12,9.3
2008-04-25,002194,10.21,11.08,11.32,10.12,44660,182918521.3,11.82,9.16,0.93,8.3
2008-04-28,002194,10.54,10.73,11.14,10.15,56130,111709662.72,8.94,-3.16,-0.35,5.22
2008-04-29,002194,10.92,10.92,11.56,10.79,39839,83196883.66,7.18,1.77,0.19,3.7
2008-04-30,002194,10.95,11.56,11.59,10.81,56756,119701006.41,7.14,5.86,0.64,5.27
2008-05-05,002194,11.73,12.49,12.76,11.18,68728,150697753.96,13.67,8.04,0.93,6.39
2008-05-06,002194,12.32,12.01,12.64,11.95,46930,105590709.99,5.52,-3.84,-0.48,4.36
2008-05-07,002194,11.81,11.05,12.31,10.73,48756,106244034.22,13.16,-7.99,-0.96,4.53
2008-05-08,002194,10.98,12.12,12.2,10.83,52064,112936195.77,12.4,9.68,1.07,4.84
2008-05-09,002194,12.14,12.39,12.76,11.75,72903,165206067.8,8.33,2.23,0.27,6.78
2008-05-12,002194,12.06,12.46,12.84,11.82,46068,105521157.06,8.23,0.56,0.07,4.28
2008-05-13,002194,12.0,12.71,13.01,11.88,64800,150088848.09,9.07,2.01,0.25,6.02
2008-05-14,002194,12.84,12.89,13.02,12.52,44979,105099540.33,3.93,1.42,0.18,4.18
2008-05-15,002194,12.94,12.39,13.22,12.28,42531,99643481.71,7.29,-3.88,-0.5,3.95
2008-05-16,002194,12.39,12.24,12.65,11.88,38106,84962483.17,6.21,-1.21,-0.15,3.54
2008-05-19,002194,12.07,12.8,12.93,11.96,42460,98458041.38,7.92,4.58,0.56,3.95
2008-05-20,002194,12.9,11.82,12.91,11.64,33058,75149152.09,9.92,-7.66,-0.98,3.07
2008-05-21,002194,11.57,11.66,12.0,10.54,51569,107768194.3,12.35,-1.35,-0.16,4.79
2008-05-22,002194,11.4,11.18,11.99,10.92,31698,67588709.9,9.18,-4.12,-0.48,2.95
2008-05-23,002194,11.08,12.52,12.52,10.92,102853,231830032.16,14.31,11.99,1.34,9.56
2008-05-26,002194,13.23,12.59,13.8,12.54,140969,338731248.62,10.06,0.56,0.07,13.1
2008-05-27,002194,12.43,12.79,13.02,11.8,55480,124919193.49,9.69,1.59,0.2,5.16
2008-05-28,002194,12.52,13.13,13.52,12.45,58640,141293311.3,8.37,2.66,0.34,5.45
2008-05-29,002194,13.14,13.16,13.8,12.52,65470,158954190.47,9.75,0.23,0.03,6.08
2008-05-30,002194,13.04,12.84,13.46,12.77,32212,76669336.67,5.24,-2.43,-0.32,2.99
2008-06-02,002194,12.58,13.42,13.47,12.54,33242,79508528.91,7.24,4.52,0.58,3.09
2008-06-03,002194,13.74,12.53,13.91,12.39,78079,187293426.67,11.33,-6.63,-0.89,7.26
2008-06-04,002194,12.27,12.46,12.53,11.89,28079,62921418.29,5.11,-0.56,-0.07,2.61
2008-06-05,002194,12.33,12.46,12.64,12.2,19552,44674806.74,3.53,0.0,0.0,1.82
2008-06-06,002194,12.46,12.36,12.65,12.27,16251,37127570.33,3.05,-0.8,-0.1,1.51
2008-06-10,002194,11.48,11.05,11.6,10.9,39241,81587234.38,5.66,-10.6,-1.31,3.65
2008-06-11,002194,11.05,10.98,11.16,10.41,20745,42262861.32,6.79,-0.63,-0.07,1.93
2008-06-12,002194,10.92,10.73,10.97,10.34,22734,45656543.67,5.74,-2.28,-0.25,2.11
2008-06-13,002194,10.73,10.11,10.91,10.09,14395,28513051.39,7.64,-5.78,-0.62,1.34
2008-06-16,002194,9.97,9.32,10.27,9.16,11934,22095926.04,10.98,-7.81,-0.79,1.11
2008-06-17,002194,9.32,9.34,9.69,9.19,18601,33606532.48,5.36,0.21,0.02,1.73
2008-06-18,002194,9.06,10.14,10.34,9.06,15545,29020759.2,13.7,8.57,0.8,1.44
2008-06-19,002194,10.14,9.4,10.25,9.4,20843,38885508.03,8.38,-7.3,-0.74,1.94
2008-06-20,002194,9.35,9.96,10.33,9.35,16682,31617517.39,10.43,5.96,0.56,1.55
2008-06-23,002194,9.83,10.05,10.18,9.63,10015,19129253.08,5.52,0.9,0.09,0.93
2008-06-24,002194,9.97,10.54,10.91,9.97,11496,22882746.97,9.35,4.88,0.49,1.07
2008-06-25,002194,10.47,10.95,11.11,10.39,14144,28953361.81,6.83,3.89,0.41,1.31
2008-06-26,002194,10.96,10.89,11.09,10.54,13359,27217405.01,5.02,-0.55,-0.06,1.24
2008-06-27,002194,10.5,10.0,10.5,9.96,11311,21945413.01,4.96,-8.17,-0.89,1.05
2008-06-30,002194,9.77,9.95,10.28,9.64,7189,13671269.04,6.4,-0.5,-0.05,0.67
2008-07-01,002194,9.96,9.9,10.18,9.75,18289,34955989.6,4.32,-0.5,-0.05,1.7
2008-07-02,002194,9.91,10.28,10.54,9.91,9556,18635855.69,6.36,3.84,0.38,0.89
2008-07-03,002194,10.17,11.01,11.1,10.08,19355,39334915.78,9.92,7.1,0.73,1.8
2008-07-04,002194,10.76,11.24,11.48,10.76,15065,31490486.09,6.54,2.09,0.23,1.4
2008-07-07,002194,11.43,11.83,11.91,11.12,15471,33632590.01,7.03,5.25,0.59,1.44
2008-07-08,002194,11.89,11.77,12.06,11.41,14095,30492641.53,5.49,-0.51,-0.06,1.31
2008-07-09,002194,11.72,11.84,11.98,11.69,13747,30137664.56,2.46,0.59,0.07,1.28
2008-07-10,002194,11.69,11.36,11.87,11.36,11480,24824866.66,4.31,-4.05,-0.48,1.07
2008-07-11,002194,11.3,11.42,11.59,11.24,10107,21580007.72,3.08,0.53,0.06,0.94
2008-07-14,002194,11.24,11.48,11.59,11.24,6258,13361849.12,3.06,0.53,0.06,0.58
2008-07-15,002194,11.5,11.01,11.65,10.97,13569,28489054.17,5.92,-4.09,-0.47,1.26
2008-07-16,002194,10.92,11.04,11.47,10.6,13273,27344104.47,7.9,0.27,0.03,1.23
2008-07-17,002194,11.14,10.63,11.37,10.62,10319,21111562.15,6.79,-3.71,-0.41,0.96
2008-07-18,002194,10.73,11.11,11.23,10.46,11566,23561333.95,7.24,4.52,0.48,1.07
2008-07-21,002194,10.93,11.49,11.62,10.92,11497,24387677.68,6.3,3.42,0.38,1.07
2008-07-22,002194,11.44,11.48,11.61,11.37,5523,11812455.62,2.09,-0.09,-0.01,0.51
2008-07-23,002194,11.5,11.36,11.62,11.29,8185,17450858.91,2.87,-1.05,-0.12,0.76
2008-07-24,002194,11.41,11.53,11.55,11.34,6977,14911773.67,1.85,1.5,0.17,0.65
2008-07-25,002194,11.5,11.36,11.56,11.32,6695,14280613.16,2.08,-1.47,-0.17,0.62
2008-07-28,002194,11.43,11.3,11.56,11.28,6478,13783775.06,2.46,-0.53,-0.06,0.6
2008-07-29,002194,11.12,10.72,11.3,10.65,9330,19059103.8,5.75,-5.13,-0.58,0.87
2008-07-30,002194,10.89,10.71,11.02,10.64,5371,10873961.23,3.54,-0.09,-0.01,0.5
2008-07-31,002194,10.59,10.66,10.95,10.59,10304,20974792.91,3.36,-0.47,-0.05,0.96
2008-08-01,002194,10.66,10.68,10.82,10.19,8169,16189111.59,5.91,0.19,0.02,0.76
2008-08-04,002194,10.46,10.34,10.77,10.29,4095,8085189.52,4.49,-3.18,-0.34,0.38
2008-08-05,002194,10.32,10.07,10.52,9.96,6723,13056158.9,5.42,-2.61,-0.27,0.62
2008-08-06,002194,10.12,10.12,10.21,10.02,6854,13160537.47,1.89,0.5,0.05,0.64
2008-08-07,002194,10.21,10.52,10.65,10.05,8025,15836396.12,5.93,3.95,0.4,0.75
2008-08-08,002194,10.52,9.93,10.54,9.93,5402,10440276.08,5.8,-5.61,-0.59,0.5
2008-08-11,002194,9.93,9.37,10.14,9.32,9953,18352970.16,8.26,-5.64,-0.56,0.93
2008-08-12,002194,9.19,9.27,9.44,9.01,4984,8951264.36,4.59,-1.07,-0.1,0.46
2008-08-13,002194,9.25,9.64,9.72,9.03,5739,10396537.63,7.44,3.99,0.37,0.53
2008-08-14,002194,9.65,9.68,9.92,9.63,2969,5549724.25,3.01,0.41,0.04,0.28
2008-08-15,002194,9.69,9.32,9.69,9.2,6403,11542887.22,5.06,-3.72,-0.36,0.6
2008-08-18,002194,9.11,8.68,9.27,8.16,8891,14836087.75,11.91,-6.87,-0.64,0.83
2008-08-19,002194,8.36,8.48,8.68,8.31,2084,3485864.68,4.26,-2.3,-0.2,0.19
2008-08-20,002194,8.7,9.21,9.34,8.44,6185,10919048.26,10.61,8.61,0.73,0.57
2008-08-21,002194,9.0,8.68,9.2,8.56,4616,7952895.1,6.95,-5.75,-0.53,0.43
2008-08-22,002194,8.68,8.3,8.68,8.04,3294,5399285.3,7.37,-4.38,-0.38,0.31
2008-08-25,002194,8.34,8.32,8.48,8.23,3282,5402921.5,3.01,0.24,0.02,0.31
2008-08-26,002194,8.23,7.85,8.23,7.27,8447,12876476.04,11.54,-5.65,-0.47,0.79
2008-08-27,002194,7.59,8.09,8.13,7.47,17595,27363976.95,8.41,3.06,0.24,1.64
2008-08-28,002194,8.1,7.71,8.21,7.64,4063,6399480.64,7.05,-4.7,-0.38,0.38
2008-08-29,002194,7.7,7.65,7.96,7.39,11263,17478199.86,7.39,-0.78,-0.06,1.05
2008-09-01,002194,7.59,7.39,7.59,6.85,15832,23104451.48,9.67,-3.4,-0.26,1.47
2008-09-02,002194,7.25,7.51,7.61,7.02,8781,13261586.85,7.98,1.62,0.12,0.82
2008-09-03,002194,7.51,7.32,7.52,6.99,20511,30050462.89,7.06,-2.53,-0.19,1.91
2008-09-04,002194,7.32,7.14,7.34,7.07,13457,19712200.1,3.69,-2.46,-0.18,1.25
2008-09-08,002194,7.04,6.77,7.04,6.69,15576,22102267.1,4.9,-5.18,-0.37,1.45
2008-09-09,002194,7.0,6.84,7.0,6.75,6024,8496645.4,3.69,1.03,0.07,0.56
2008-09-10,002194,6.76,6.71,6.95,6.44,3746,5214731.6,7.46,-1.9,-0.13,0.35
2008-09-11,002194,6.71,6.55,6.93,6.53,5254,7279515.25,5.96,-2.38,-0.16,0.49
2008-09-12,002194,6.75,6.85,6.93,6.62,5661,7791405.29,4.73,4.58,0.3,0.53
2008-09-16,002194,6.82,7.08,7.46,6.63,7336,10355010.38,12.12,3.36,0.23,0.68
2008-09-17,002194,7.09,6.95,7.17,6.95,4221,5989867.49,3.11,-1.84,-0.13,0.39
2008-09-18,002194,6.65,7.06,7.32,6.34,11064,15226146.22,14.1,1.58,0.11,1.03
2008-09-19,002194,7.97,7.97,7.97,7.6,15495,24025405.5,5.24,12.89,0.91,1.44
2008-09-22,002194,8.28,8.26,8.86,7.65,33637,53922774.94,15.18,3.64,0.29,3.13
2008-09-23,002194,7.89,7.71,7.91,7.4,14465,21885546.59,6.17,-6.66,-0.55,1.34
2008-09-24,002194,7.59,7.77,7.8,7.27,8303,12360804.36,6.87,0.78,0.06,0.77
2008-09-25,002194,7.77,8.16,8.21,7.57,11078,17311068.5,8.24,5.02,0.39,1.03
2008-09-26,002194,8.36,8.02,8.36,7.91,12914,20354229.25,5.51,-1.72,-0.14,1.2
2008-10-06,002194,7.73,7.33,7.78,7.33,5714,8420166.66,5.61,-8.6,-0.69,0.53
2008-10-07,002194,7.03,7.0,7.27,6.89,2612,3696042.07,5.18,-4.5,-0.33,0.24
2008-10-08,002194,6.87,6.75,7.0,6.66,3525,4848623.49,4.86,-3.57,-0.25,0.33
2008-10-09,002194,6.88,6.69,6.95,6.69,8306,11440489.63,3.85,-0.89,-0.06,0.77
2008-10-10,002194,6.46,6.35,6.47,5.98,7262,9357135.75,7.32,-5.08,-0.34,0.67
2008-10-13,002194,6.18,6.43,6.43,6.18,6484,8438005.93,3.94,1.26,0.08,0.6
2008-10-14,002194,6.75,6.24,6.82,6.24,8140,11032311.19,9.02,-2.95,-0.19,0.76
2008-10-15,002194,6.12,5.98,6.36,5.93,4745,5966994.44,6.89,-4.17,-0.26,0.44
2008-10-16,002194,5.77,5.98,6.11,5.57,11408,14092980.37,9.03,0.0,0.0,1.06
2008-10-17,002194,5.98,6.19,6.19,5.98,4286,5439152.37,3.51,3.51,0.21,0.4
2008-10-20,002194,6.3,6.23,6.41,6.02,1522,1956835.4,6.3,0.65,0.04,0.14
2008-10-21,002194,6.36,6.18,6.36,6.11,4572,5927197.25,4.01,-0.8,-0.05,0.42
2008-10-22,002194,6.0,5.98,6.24,5.98,2819,3556236.75,4.21,-3.24,-0.2,0.26
2008-10-23,002194,5.98,6.05,6.08,5.86,1663,2085568.04,3.68,1.17,0.07,0.15
2008-10-24,002194,6.05,6.04,6.18,5.94,2567,3228180.5,3.97,-0.17,-0.01,0.24
2008-10-27,002194,5.89,5.6,5.89,5.45,3845,4605036.35,7.28,-7.28,-0.44,0.36
2008-10-28,002194,5.59,5.73,5.79,5.54,3332,4002350.36,4.46,2.32,0.13,0.31
2008-10-29,002194,5.71,5.82,6.18,5.7,5625,6988556.35,8.38,1.57,0.09,0.52
2008-10-30,002194,5.97,6.08,6.11,5.79,3513,4393879.03,5.5,4.47,0.26,0.33
2008-10-31,002194,6.0,6.08,6.18,5.86,2683,3345714.49,5.26,0.0,0.0,0.25
2008-11-03,002194,5.93,6.19,6.2,5.89,3003,3789700.19,5.1,1.81,0.11,0.28
2008-11-04,002194,6.14,6.16,6.23,6.0,2112,2679115.94,3.72,-0.48,-0.03,0.2
2008-11-05,002194,6.21,6.27,6.36,6.18,4592,5954751.75,2.92,1.79,0.11,0.43
2008-11-06,002194,6.14,6.01,6.14,6.01,2314,2918590.29,2.07,-4.15,-0.26,0.22
2008-11-07,002194,5.98,6.11,6.16,5.92,5318,6705154.36,3.99,1.66,0.1,0.49
2008-11-10,002194,6.22,6.57,6.61,6.15,6547,8624076.17,7.53,7.53,0.46,0.61
2008-11-11,002194,6.53,6.56,6.64,6.37,7360,9820439.08,4.11,-0.15,-0.01,0.68
2008-11-12,002194,6.37,6.6,6.64,6.37,4637,6217261.79,4.12,0.61,0.04,0.43
2008-11-13,002194,6.47,6.96,7.07,6.43,11260,15475524.39,9.7,5.45,0.36,1.05
2008-11-14,002194,6.93,7.09,7.11,6.79,12030,16889075.82,4.6,1.87,0.13,1.12
2008-11-17,002194,7.14,7.61,7.91,6.95,14586,21503246.19,13.54,7.33,0.52,1.36
2008-11-18,002194,7.59,7.06,7.72,6.87,19493,28176809.93,11.17,-7.23,-0.55,1.81
2008-11-19,002194,7.34,7.97,7.97,7.34,35582,54807296.78,8.92,12.89,0.91,3.31
2008-11-20,002194,8.13,7.94,8.73,7.71,37511,60631443.02,12.8,-0.38,-0.03,3.49
2008-11-21,002194,7.48,7.6,7.94,7.16,21504,31929717.53,9.82,-4.28,-0.34,2.0
2008-11-24,002194,7.6,7.27,8.23,7.27,10674,16175506.32,12.63,-4.34,-0.33,0.99
2008-11-25,002194,7.44,7.39,7.58,7.21,9656,14110311.35,5.09,1.65,0.12,0.9
2008-11-26,002194,7.55,7.49,7.61,7.3,5734,8526546.58,4.19,1.35,0.1,0.53
2008-11-27,002194,8.23,7.59,8.23,7.59,15278,23483936.04,8.54,1.34,0.1,1.42
2008-11-28,002194,7.57,7.74,7.77,7.45,10612,16048489.05,4.22,1.98,0.15,0.99
2008-12-01,002194,7.6,7.97,8.05,7.52,4710,7241051.02,6.85,2.97,0.23,0.44
2008-12-02,002194,7.79,8.12,8.36,7.73,9693,15315806.34,7.9,1.88,0.15,0.9
2008-12-03,002194,8.21,8.62,8.73,8.11,18949,31318285.56,7.64,6.16,0.5,1.76
2008-12-04,002194,8.71,9.01,9.68,8.71,37624,66102453.35,11.25,4.52,0.39,3.5
2008-12-05,002194,8.9,9.06,9.48,8.62,28499,49037406.57,9.54,0.55,0.05,2.65
2008-12-08,002194,9.2,9.21,9.23,8.92,25305,43934545.27,3.42,1.66,0.15,2.32
2008-12-09,002194,9.15,8.86,9.24,8.66,12474,21225240.33,6.3,-3.8,-0.35,1.14
2008-12-10,002194,8.79,8.98,9.06,8.66,10909,18661098.41,4.51,1.35,0.12,1.0
2008-12-11,002194,8.98,8.7,9.05,8.51,12376,20819513.04,6.01,-3.12,-0.28,1.13
2008-12-12,002194,8.48,8.8,9.38,8.29,21578,36669398.76,12.53,1.15,0.1,1.98
2008-12-15,002194,9.19,9.0,9.82,8.9,27972,49463654.69,10.45,2.27,0.2,2.56
2008-12-16,002194,8.85,8.8,8.85,8.36,12124,20013711.77,5.44,-2.22,-0.2,1.11
2008-12-17,002194,8.8,9.07,9.35,8.8,13310,23067692.32,6.25,3.07,0.27,1.22
2008-12-18,002194,9.07,9.2,9.31,8.86,10836,18781844.0,4.96,1.43,0.13,0.99
2008-12-19,002194,9.25,9.3,9.59,9.14,14569,25873779.56,4.89,1.09,0.1,1.33
2008-12-22,002194,9.34,9.61,9.82,9.3,54282,98857178.64,5.59,3.33,0.31,4.97
2008-12-23,002194,9.69,8.73,9.69,8.73,27010,47036810.98,9.99,-9.16,-0.88,2.47
2008-12-24,002194,8.45,8.25,8.74,8.2,18874,30799431.52,6.19,-5.5,-0.48,1.73
2008-12-25,002194,8.34,8.32,8.52,8.16,9526,15449270.24,4.36,0.85,0.07,0.87
2008-12-26,002194,8.27,8.45,8.61,8.26,14617,23922321.33,4.21,1.56,0.13,1.34
2008-12-29,002194,8.43,8.23,8.45,7.64,18333,29121139.29,9.59,-2.6,-0.22,1.68
2008-12-30,002194,8.36,8.54,8.73,8.16,18994,31367975.46,6.93,3.77,0.31,1.74
2008-12-31,002194,8.55,8.55,9.0,8.55,15683,26506456.33,5.27,0.12,0.01,1.45
2009-01-05,002194,9.24,9.01,9.29,8.74,41460,71279868.38,6.43,5.38,0.46,3.83
2009-01-06,002194,8.96,9.47,9.51,8.81,32002,56083075.53,7.77,5.11,0.46,2.95
2009-01-07,002194,9.52,9.16,9.62,9.14,28790,51192648.73,5.07,-3.27,-0.31,2.66
2009-01-08,002194,8.87,8.87,8.93,8.48,27367,45962983.11,4.91,-3.17,-0.29,2.53
2009-01-09,002194,8.88,9.24,9.3,8.88,40172,69319574.8,4.74,4.17,0.37,3.71
2009-01-12,002194,9.25,9.21,9.48,9.07,23857,42285676.58,4.44,-0.32,-0.03,2.2
2009-01-13,002194,9.12,8.92,9.12,8.79,22069,37681597.3,3.58,-3.15,-0.29,2.04
2009-01-14,002194,8.93,9.38,9.38,8.8,22407,38874461.52,6.5,5.16,0.46,2.07
2009-01-15,002194,9.25,9.51,9.77,9.18,29051,52584492.36,6.29,1.39,0.13,2.68
2009-01-16,002194,9.7,9.34,10.05,9.27,23697,43231133.86,8.2,-1.79,-0.17,2.19
2009-01-20,002194,9.45,9.38,9.52,9.12,15649,27816829.54,4.28,0.43,0.04,1.44
2009-01-21,002194,9.27,9.52,9.57,9.18,17525,31185451.96,4.16,1.49,0.14,1.62
2009-01-22,002194,9.62,9.83,9.83,9.51,17901,32864500.71,3.36,3.26,0.31,1.65
2009-01-23,002194,9.93,10.07,10.21,9.83,23849,45095820.22,3.87,2.44,0.24,2.2
2009-02-02,002194,10.15,10.44,10.62,9.77,25896,49762667.44,8.44,3.67,0.37,2.39
2009-02-03,002194,10.37,10.34,10.46,10.17,19848,38245458.23,2.78,-0.96,-0.1,1.83
2009-02-04,002194,10.33,10.37,10.53,10.2,23276,44773708.39,3.19,0.29,0.03,2.15
2009-02-05,002194,10.34,9.63,10.43,9.54,40100,74916121.39,8.58,-7.14,-0.74,3.7
2009-02-06,002194,9.64,10.01,10.05,9.64,28854,53732002.38,4.26,3.95,0.38,2.66
2009-02-09,002194,10.12,10.27,10.27,9.84,43324,81862674.22,4.3,2.6,0.26,4.0
2009-02-10,002194,10.31,10.28,10.43,10.01,34697,66504520.9,4.09,0.1,0.01,3.2
2009-02-11,002194,10.14,10.23,10.74,9.95,44847,86910724.79,7.68,-0.49,-0.05,4.14
2009-02-12,002194,10.31,11.46,11.46,9.97,60595,120223602.21,14.57,12.02,1.23,5.59
2009-02-13,002194,11.46,11.25,11.46,11.16,76794,159318175.66,2.62,-1.83,-0.21,7.09
2009-02-16,002194,11.31,10.87,11.42,10.68,65368,132344412.19,6.58,-3.38,-0.38,6.03
2009-02-17,002194,10.95,10.62,11.23,10.62,46977,95031251.69,5.61,-2.3,-0.25,4.33
2009-02-18,002194,10.34,10.19,10.64,10.18,40321,78122070.79,4.33,-4.05,-0.43,3.72
2009-02-19,002194,10.38,10.39,10.57,10.23,40314,77783411.53,3.34,1.96,0.2,3.72
2009-02-20,002194,10.27,10.63,10.84,10.27,34163,67677460.05,5.49,2.31,0.24,3.15
2009-02-23,002194,10.59,10.79,10.89,10.34,25318,50062401.4,5.17,1.51,0.16,2.34
2009-02-24,002194,10.66,10.59,11.02,10.39,45269,89575506.26,5.84,-1.85,-0.2,4.18
2009-02-25,002194,10.8,10.95,11.16,10.62,38593,78113115.44,5.1,3.4,0.36,3.56
2009-02-26,002194,11.1,10.15,11.19,10.02,46527,93426126.95,10.68,-7.31,-0.8,4.29
2009-02-27,002194,10.03,9.89,10.15,9.4,33230,60970288.53,7.39,-2.56,-0.26,3.07
2009-03-02,002194,9.67,10.15,10.37,9.67,17080,32633263.42,7.08,2.63,0.26,1.58
2009-03-03,002194,9.83,10.67,10.95,9.77,29785,58561346.61,11.63,5.12,0.52,2.75
2009-03-04,002194,10.68,11.11,11.17,10.67,43633,88876661.7,4.69,4.12,0.44,4.03
2009-03-05,002194,11.08,11.18,11.35,10.8,34535,70814863.31,4.95,0.63,0.07,3.19
2009-03-06,002194,10.99,11.21,11.59,10.84,23376,48765706.35,6.71,0.27,0.03,2.16
2009-03-09,002194,11.24,10.59,11.34,10.59,26279,53311872.84,6.69,-5.53,-0.62,2.42
2009-03-10,002194,10.59,11.15,11.22,10.47,24017,48686741.98,7.08,5.29,0.56,2.22
2009-03-11,002194,11.4,11.11,11.87,11.11,62480,131830268.93,6.82,-0.36,-0.04,5.76
2009-03-12,002194,11.13,11.34,11.43,10.8,24283,49959762.86,5.67,2.07,0.23,2.24
2009-03-13,002194,11.34,11.3,11.43,11.11,17093,35493081.58,2.82,-0.35,-0.04,1.58
2009-03-16,002194,11.33,11.66,11.82,11.33,21394,45410663.46,4.34,3.19,0.36,1.97
2009-03-17,002194,11.66,11.79,11.93,11.65,35279,76217300.79,2.4,1.11,0.13,3.26
2009-03-18,002194,11.88,11.64,11.93,11.52,35304,75615776.05,3.48,-1.27,-0.15,3.26
2009-03-19,002194,11.57,12.05,12.07,11.37,33582,72001846.68,6.01,3.52,0.41,3.1
2009-03-20,002194,11.89,11.82,12.02,11.63,21066,45472158.6,3.24,-1.91,-0.23,1.94
2009-03-23,002194,11.7,11.83,11.91,11.63,12424,26766454.9,2.37,0.08,0.01,1.15
2009-03-24,002194,11.89,11.53,12.07,11.43,29063,62414577.92,5.41,-2.54,-0.3,2.68
2009-03-25,002194,11.49,11.37,11.74,11.32,17063,35973913.76,3.64,-1.39,-0.16,1.57
2009-03-26,002194,11.44,11.53,11.71,11.25,13066,27533026.79,4.05,1.41,0.16,1.21
2009-03-27,002194,12.17,11.43,12.2,11.3,20405,43531583.9,7.81,-0.87,-0.1,1.88
2009-03-30,002194,11.32,11.64,11.83,11.32,21060,45005720.1,4.46,1.84,0.21,1.94
2009-03-31,002194,11.61,11.88,11.88,11.37,16454,35100295.35,4.38,2.06,0.24,1.52
2009-04-01,002194,11.96,12.15,12.46,11.82,32754,72540447.22,5.39,2.27,0.27,3.02
2009-04-02,002194,12.2,12.23,12.61,12.09,24229,54201692.66,4.28,0.66,0.08,2.24
2009-04-03,002194,12.33,12.25,12.51,11.95,23765,52891214.44,4.58,0.16,0.02,2.19
2009-04-07,002194,12.12,12.82,13.02,12.11,25362,58020979.53,7.43,4.65,0.57,2.34
2009-04-08,002194,12.71,12.71,13.39,12.46,39819,93117920.77,7.25,-0.86,-0.11,3.67
2009-04-09,002194,12.96,12.87,12.96,12.34,23710,54433729.01,4.88,1.26,0.16,2.19
2009-04-10,002194,12.96,13.34,13.52,12.79,42124,100147656.03,5.67,3.65,0.47,3.89
2009-04-13,002194,13.41,13.47,14.0,13.32,34852,84989206.48,5.1,0.97,0.13,3.22
2009-04-14,002194,13.48,14.8,14.96,13.36,53554,134483305.52,11.88,9.87,1.33,4.94
2009-04-15,002194,14.48,15.16,15.29,14.29,65144,171935627.5,6.76,2.43,0.36,6.01
2009-04-17,002194,14.77,13.84,14.78,13.7,53402,134658796.94,7.12,-8.71,-1.32,4.93
2009-04-20,002194,13.66,13.93,14.05,13.54,27100,66974924.59,3.68,0.65,0.09,2.5
2009-04-21,002194,13.74,13.3,13.78,12.97,34673,83341253.09,5.81,-4.52,-0.63,3.2
2009-04-22,002194,13.35,13.58,14.06,12.72,42444,103338896.79,10.08,2.11,0.28,3.92
2009-04-23,002194,13.36,13.48,13.71,12.97,21610,51912815.98,5.45,-0.74,-0.1,1.99
2009-04-24,002194,13.68,13.57,13.8,13.29,18452,44836840.39,3.78,0.67,0.09,1.7
2009-04-27,002194,13.57,13.18,13.65,13.1,18085,43321899.85,4.05,-2.87,-0.39,1.67
2009-04-28,002194,13.1,13.32,13.46,13.08,15340,36679857.16,2.88,1.06,0.14,1.42
2009-04-29,002194,13.36,13.54,13.64,13.16,29500,71521017.13,3.6,1.65,0.22,2.72
2009-04-30,002194,13.36,13.81,13.99,13.33,36872,69079793.01,4.87,1.99,0.27,2.62
2009-05-04,002194,13.9,14.15,14.41,13.81,34010,65270892.98,4.34,2.46,0.34,2.41
2009-05-05,002194,14.17,14.26,14.33,14.01,25383,48641516.85,2.26,0.78,0.11,1.8
2009-05-06,002194,14.26,14.14,14.26,13.9,40217,76494220.27,2.52,-0.84,-0.12,2.85
2009-05-07,002194,14.15,13.8,14.16,13.53,39190,73633366.4,4.46,-2.4,-0.34,2.78
2009-05-08,002194,13.72,13.16,13.72,13.04,75959,137421278.13,4.93,-4.64,-0.64,5.39
2009-05-11,002194,13.21,12.1,13.33,12.08,89487,154924271.73,9.5,-8.05,-1.06,6.35
2009-05-12,002194,12.0,12.61,12.61,11.91,46994,80017201.64,5.79,4.21,0.51,3.34
2009-05-13,002194,12.62,12.56,12.66,12.08,108452,183822784.42,4.6,-0.4,-0.05,7.7
2009-05-14,002194,12.33,12.43,12.56,12.23,54006,92102813.17,2.63,-1.04,-0.13,3.83
2009-05-15,002194,12.67,12.79,13.11,12.51,127418,223668406.2,4.83,2.9,0.36,9.04
2009-05-18,002194,12.84,12.65,12.98,12.54,46005,80125585.0,3.44,-1.09,-0.14,3.27
2009-05-19,002194,12.74,12.74,12.83,12.59,48677,84990128.28,1.9,0.71,0.09,3.45
2009-05-20,002194,12.74,12.56,12.76,12.51,33471,57962451.13,1.96,-1.41,-0.18,2.38
2009-05-21,002194,12.43,11.96,12.46,11.93,48556,81517460.09,4.22,-4.78,-0.6,3.45
2009-05-22,002194,11.96,12.02,12.06,11.54,32876,53722619.02,4.35,0.5,0.06,2.33
2009-05-25,002194,11.66,11.78,11.9,11.46,59141,95482468.71,3.66,-2.0,-0.24,4.2
2009-05-26,002194,11.79,12.41,12.75,11.71,79914,135404379.02,8.83,5.35,0.63,5.67
2009-05-27,002194,12.5,12.34,12.56,12.16,35785,60806085.31,3.22,-0.56,-0.07,2.54
2009-06-01,002194,12.52,12.59,12.7,12.26,42076,72471794.26,3.57,2.03,0.25,2.99
2009-06-02,002194,12.59,12.42,12.63,12.35,33587,57669044.14,2.22,-1.35,-0.17,2.38
2009-06-03,002194,12.43,12.25,12.48,12.15,34284,57921964.48,2.66,-1.37,-0.17,2.43
2009-06-04,002194,12.21,11.98,12.36,11.83,35721,59437588.63,4.33,-2.2,-0.27,2.54
2009-06-05,002194,12.05,12.06,12.13,11.83,38291,63539795.12,2.5,0.67,0.08,2.72
2009-06-08,002194,12.08,12.0,12.1,11.69,30022,49350391.72,3.4,-0.5,-0.06,2.13
2009-06-09,002194,11.96,11.76,11.96,11.66,26607,43371861.47,2.5,-2.0,-0.24,1.89
2009-06-10,002194,11.81,12.16,12.23,11.79,34136,56918048.09,3.74,3.4,0.4,2.42
2009-06-11,002194,12.22,12.16,12.22,12.0,26590,44422300.72,1.81,0.0,0.0,1.89
2009-06-12,002194,12.05,12.01,12.31,11.79,27235,45571532.31,4.28,-1.23,-0.15,1.93
2009-06-15,002194,12.01,12.16,12.16,11.85,20475,33999415.32,2.58,1.25,0.15,1.45
2009-06-16,002194,12.08,12.32,12.33,11.93,28685,48373247.33,3.29,1.32,0.16,2.04
2009-06-17,002194,12.35,12.49,12.64,12.29,41687,71724595.73,2.84,1.38,0.17,2.96
2009-06-18,002194,12.5,12.54,12.66,12.29,43766,75139387.48,2.96,0.4,0.05,3.11
2009-06-19,002194,12.54,12.51,12.66,12.36,28451,48961872.58,2.39,-0.24,-0.03,2.02
2009-06-22,002194,12.63,11.99,12.63,11.96,38351,64561121.81,5.36,-4.16,-0.52,2.72
2009-06-23,002194,11.91,11.75,11.96,11.57,57575,93330540.23,3.25,-2.0,-0.24,4.09
2009-06-24,002194,11.64,11.71,11.81,11.6,39139,63620267.36,1.79,-0.34,-0.04,2.78
2009-06-25,002194,11.76,11.81,11.95,11.7,60214,98403866.07,2.13,0.85,0.1,4.27
2009-06-26,002194,11.85,11.79,11.88,11.61,37581,61197585.84,2.29,-0.17,-0.02,2.67
2009-06-29,002194,11.78,11.72,11.83,11.66,27612,44954902.29,1.44,-0.59,-0.07,1.96
2009-06-30,002194,11.74,11.61,11.77,11.58,31616,51093820.47,1.62,-0.94,-0.11,2.24
2009-07-01,002194,11.62,11.63,11.75,11.51,37905,61141091.64,2.07,0.17,0.02,2.69
2009-07-02,002194,11.66,11.81,11.81,11.61,36380,59163763.2,1.72,1.55,0.18,2.58
2009-07-03,002194,11.77,11.69,11.83,11.65,35403,57528663.34,1.52,-1.02,-0.12,2.51
2009-07-06,002194,11.71,11.79,11.85,11.5,63716,103240395.39,2.99,0.86,0.1,4.52
2009-07-07,002194,11.79,12.11,12.28,11.71,78429,131406671.97,4.83,2.71,0.32,5.57
2009-07-08,002194,11.97,12.37,12.52,11.91,82669,140523125.96,5.04,2.15,0.26,5.87
2009-07-09,002194,12.41,12.84,12.86,12.18,103807,178824104.29,5.5,3.8,0.47,7.37
2009-07-10,002194,12.75,13.04,13.15,12.67,94531,167349341.28,3.74,1.56,0.2,6.71
2009-07-13,002194,13.19,13.86,13.99,12.96,147558,273511353.38,7.9,6.29,0.82,10.47
2009-07-14,002194,13.73,13.65,14.41,13.58,102560,194071316.44,5.99,-1.52,-0.21,7.28
2009-07-15,002194,13.67,13.54,13.83,13.4,78638,144762398.93,3.15,-0.81,-0.11,5.58
2009-07-16,002194,13.52,13.16,13.61,13.09,75549,137152972.46,3.84,-2.81,-0.38,5.36
2009-07-17,002194,13.16,13.31,13.49,13.04,51706,94046130.12,3.42,1.14,0.15,3.67
2009-07-20,002194,13.25,13.87,13.9,13.23,100462,187073996.51,5.03,4.21,0.56,7.13
2009-07-21,002194,13.87,13.62,14.1,13.33,80368,149829977.01,5.55,-1.8,-0.25,5.7
2009-07-22,002194,13.6,14.21,14.21,13.5,95352,179683706.29,5.21,4.33,0.59,6.77
2009-07-23,002194,14.21,14.41,14.41,13.91,50175,96193023.51,3.52,1.41,0.2,3.56
2009-07-24,002194,14.37,13.76,14.39,13.5,51412,97000600.85,6.18,-4.51,-0.65,3.65
2009-07-27,002194,13.68,13.63,13.79,13.41,52432,96736035.81,2.76,-0.94,-0.13,3.72
2009-07-28,002194,13.61,13.53,13.61,13.23,43964,80513489.0,2.79,-0.73,-0.1,3.12
2009-07-29,002194,13.53,12.49,13.7,12.06,47992,85957636.95,12.12,-7.69,-1.04,3.41
2009-07-30,002194,12.62,12.91,13.0,12.42,47577,83257589.67,4.64,3.36,0.42,3.38
2009-07-31,002194,13.0,13.0,13.16,12.75,79175,140496917.32,3.18,0.7,0.09,5.62
2009-08-03,002194,13.12,13.36,13.49,12.84,68078,122425684.52,5.0,2.77,0.36,4.83
2009-08-04,002194,13.33,13.09,13.35,12.98,41472,74258104.66,2.77,-2.02,-0.27,2.94
2009-08-05,002194,13.09,13.29,13.5,13.01,52402,95080207.82,3.74,1.53,0.2,3.72
2009-08-06,002194,13.27,13.06,13.27,12.96,41457,74371419.31,2.33,-1.73,-0.23,2.94
2009-08-07,002194,13.09,12.71,13.23,12.66,35570,63054921.79,4.36,-2.68,-0.35,2.52
2009-08-10,002194,12.87,12.78,12.99,12.58,22626,39699729.57,3.23,0.55,0.07,1.61
2009-08-11,002194,12.86,13.16,13.21,12.83,32384,57814965.82,2.97,2.97,0.38,2.3
2009-08-12,002194,13.16,12.37,13.21,12.25,25570,44643549.58,7.29,-6.0,-0.79,1.81
2009-08-13,002194,12.34,12.15,12.52,12.07,28599,48189731.7,3.64,-1.78,-0.22,2.03
2009-08-14,002194,12.06,11.66,12.39,11.58,38100,63065997.88,6.67,-4.03,-0.49,2.7
2009-08-17,002194,11.5,10.31,11.71,10.31,112253,168103319.33,12.01,-11.58,-1.35,7.97
2009-08-18,002194,10.33,10.36,10.54,9.91,29639,43030757.25,6.11,0.48,0.05,2.1
2009-08-19,002194,10.41,9.25,10.41,9.14,50452,70247366.93,12.26,-10.71,-1.11,3.58
2009-08-20,002194,9.31,9.82,9.88,9.31,60311,82874865.99,6.16,6.16,0.57,4.28
2009-08-21,002194,9.82,10.31,10.4,9.68,57188,81706427.93,7.33,4.99,0.49,4.06
2009-08-24,002194,10.31,10.6,10.66,10.08,43438,63755108.08,5.63,2.81,0.29,3.08
2009-08-25,002194,10.51,10.53,10.64,10.08,52057,76005321.52,5.28,-0.66,-0.07,3.69
2009-08-26,002194,10.53,11.12,11.31,10.41,46841,72240658.04,8.55,5.6,0.59,3.32
2009-08-27,002194,11.29,11.4,11.65,11.08,60479,95723537.58,5.13,2.52,0.28,4.29
2009-08-28,002194,11.29,11.43,11.66,11.0,75404,119094560.37,5.79,0.26,0.03,5.35
2009-08-31,002194,11.25,10.33,11.25,10.11,46574,69864817.64,9.97,-9.62,-1.1,3.31
2009-09-01,002194,10.21,10.62,10.82,10.01,30881,45780908.14,7.84,2.81,0.29,2.19
2009-09-02,002194,10.42,11.04,11.16,10.42,39942,60696109.07,6.97,3.95,0.42,2.83
2009-09-03,002194,11.05,11.45,11.53,10.85,42987,67681179.07,6.16,3.71,0.41,3.05
2009-09-04,002194,11.49,11.33,11.5,11.13,30451,48006487.15,3.23,-1.05,-0.12,2.16
2009-09-07,002194,11.33,11.66,11.87,11.33,54282,87891729.81,4.77,2.91,0.33,3.85
2009-09-08,002194,11.58,11.64,11.71,11.42,21308,34362168.49,2.49,-0.17,-0.02,1.51
2009-09-09,002194,11.65,11.41,11.71,11.31,26545,42282257.6,3.44,-1.98,-0.23,1.88
2009-09-11,002194,11.37,11.35,11.58,11.15,33011,52187397.8,3.77,-0.53,-0.06,2.34
2009-09-14,002194,11.37,12.25,12.46,11.37,67474,112097959.38,9.6,7.93,0.9,4.79
2009-09-15,002194,12.21,12.39,12.54,12.11,45718,77935368.12,3.51,1.14,0.14,3.24
2009-09-16,002194,12.42,12.64,12.88,12.25,90226,156672867.03,5.08,2.02,0.25,6.4
2009-09-17,002194,13.11,13.33,13.48,12.88,98361,177587199.23,4.75,5.46,0.69,6.98
2009-09-18,002194,13.67,12.54,13.72,12.4,72344,129697121.6,9.9,-5.93,-0.79,5.13
2009-09-21,002194,12.29,13.33,13.58,12.16,72580,129307913.18,11.32,6.3,0.79,5.15
2009-09-22,002194,13.45,12.84,13.45,12.62,56404,101191533.51,6.23,-3.68,-0.49,4.0
2009-09-23,002194,12.83,12.48,13.08,12.23,43159,74867213.53,6.62,-2.8,-0.36,3.06
2009-09-24,002194,12.33,12.01,12.48,11.93,26715,44882271.65,4.41,-3.77,-0.47,1.9
2009-09-25,002194,12.06,12.3,12.87,11.96,43996,75842154.84,7.58,2.41,0.29,3.12
2009-09-28,002194,12.41,12.05,12.76,11.83,37916,64997333.14,7.56,-2.03,-0.25,2.69
2009-09-29,002194,12.05,12.26,12.47,11.76,26651,44530680.03,5.89,1.74,0.21,1.89
2009-09-30,002194,12.13,12.41,12.48,12.13,24031,40113955.6,2.85,1.22,0.15,1.71
2009-10-09,002194,12.71,12.87,13.17,12.7,39209,68537501.87,3.79,3.71,0.46,2.78
2009-10-12,002194,12.86,13.05,13.21,12.67,57884,101543218.04,4.2,1.4,0.18,4.11
2009-10-13,002194,13.02,13.04,13.11,12.84,27892,48846912.52,2.07,-0.08,-0.01,1.98
2009-10-14,002194,13.09,12.96,13.17,12.88,33715,59369529.52,2.22,-0.61,-0.08,2.39
2009-10-15,002194,13.05,12.71,13.12,12.71,22876,39714921.94,3.16,-1.93,-0.25,1.62
2009-10-16,002194,12.74,12.84,12.87,12.51,17799,30616995.89,2.83,1.02,0.13,1.26
2009-10-19,002194,12.86,13.25,13.36,12.75,38054,67539611.94,4.75,3.19,0.41,2.7
2009-10-20,002194,13.26,13.29,13.56,13.21,53887,97041697.78,2.64,0.3,0.04,3.82
2009-10-21,002194,13.29,13.06,13.29,13.06,28526,50569702.38,1.73,-1.73,-0.23,2.02
2009-10-22,002194,12.96,13.59,13.69,12.96,59526,107840079.45,5.59,4.06,0.53,4.22
2009-10-23,002194,13.7,13.74,14.22,13.67,109091,204554892.95,4.05,1.1,0.15,7.74
2009-10-26,002194,13.77,13.79,14.0,13.51,47924,88361775.61,3.57,0.36,0.05,3.4
2009-10-27,002194,13.79,13.97,14.11,13.54,63058,117117023.14,4.13,1.31,0.18,4.48
2009-10-28,002194,13.87,14.27,14.38,13.82,93009,176496093.2,4.01,2.15,0.3,6.6
2009-10-29,002194,14.21,13.77,14.21,13.63,68433,127471066.18,4.06,-3.5,-0.5,4.86
2009-10-30,002194,13.95,13.41,14.17,13.37,58024,106978041.34,5.81,-2.61,-0.36,4.12
2009-11-02,002194,13.04,13.53,13.6,12.89,51349,91887187.44,5.29,0.89,0.12,3.64
2009-11-03,002194,13.54,13.82,14.16,13.54,55476,103443488.31,4.58,2.14,0.29,3.94
2009-11-04,002194,13.82,14.21,14.32,13.77,59030,111356082.83,3.98,2.82,0.39,4.19
2009-11-05,002194,14.29,14.18,14.36,14.0,40849,77346040.95,2.53,-0.21,-0.03,2.9
2009-11-06,002194,14.33,14.06,14.35,14.0,60901,115008011.97,2.47,-0.85,-0.12,4.32
2009-11-09,002194,14.12,13.87,14.23,13.81,42964,80185806.88,2.99,-1.35,-0.19,3.05
2009-11-10,002194,13.97,13.94,14.03,13.76,70725,131372253.9,1.95,0.5,0.07,5.02
2009-11-11,002194,13.87,13.99,14.08,13.71,38079,71011744.09,2.65,0.36,0.05,2.7
2009-11-12,002194,14.0,14.27,14.47,13.87,85215,161936616.35,4.29,2.0,0.28,6.05
2009-11-13,002194,14.21,14.63,14.63,14.14,88735,170831866.5,3.43,2.52,0.36,6.3
2009-11-16,002194,14.77,14.81,15.21,14.63,94597,187101976.75,3.96,1.23,0.18,6.71
2009-11-17,002194,14.87,14.64,15.02,14.58,75317,148047928.66,2.97,-1.15,-0.17,5.35
2009-11-18,002194,14.79,15.21,15.27,14.65,86400,172410118.68,4.23,3.89,0.57,6.13
2009-11-19,002194,15.26,15.49,15.5,14.84,78952,158816466.9,4.34,1.84,0.28,5.6
2009-11-20,002194,15.46,15.25,15.49,15.15,48630,98789962.43,2.19,-1.55,-0.24,3.45
2009-11-23,002194,15.2,15.21,15.32,14.96,43156,86867469.2,2.36,-0.26,-0.04,3.06
2009-11-24,002194,15.29,14.06,15.46,13.96,78992,155387515.26,9.86,-7.56,-1.15,5.61
2009-11-25,002194,14.06,14.56,14.66,13.91,54896,104987705.75,5.33,3.56,0.5,3.9
2009-11-26,002194,14.56,13.42,14.6,13.37,86751,161379171.28,8.45,-7.83,-1.14,6.16
2009-11-27,002194,13.34,13.09,13.52,12.96,44944,80138226.42,4.17,-2.46,-0.33,3.19
2009-11-30,002194,13.33,13.78,13.8,13.32,45427,82995214.05,3.67,5.27,0.69,3.22
2009-12-01,002194,13.76,14.56,14.65,13.61,70295,133644506.51,7.55,5.66,0.78,4.99
2009-12-02,002194,14.66,14.53,14.67,14.41,38076,73681316.67,1.79,-0.21,-0.03,2.7
2009-12-03,002194,14.49,14.31,14.62,14.12,51614,99240201.93,3.44,-1.51,-0.22,3.66
2009-12-04,002194,14.26,13.76,14.31,13.49,58800,109660465.96,5.73,-3.84,-0.55,4.17
2009-12-07,002194,13.77,14.1,14.22,13.75,31780,59794713.75,3.42,2.47,0.34,2.26
2009-12-08,002194,14.11,13.98,14.21,13.79,24721,46255918.01,2.98,-0.85,-0.12,1.75
2009-12-09,002194,13.87,13.88,14.17,13.8,22225,41650705.84,2.65,-0.72,-0.1,1.58
2009-12-10,002194,13.92,14.13,14.36,13.91,25364,47984204.03,3.24,1.8,0.25,1.8
2009-12-11,002194,14.14,13.93,14.26,13.87,23849,44798037.74,2.76,-1.42,-0.2,1.69
2009-12-14,002194,13.83,13.62,13.83,13.21,31464,57161568.37,4.45,-2.23,-0.31,2.23
2009-12-15,002194,13.63,13.75,13.9,13.5,39708,73103375.79,2.94,0.95,0.13,2.82
2009-12-16,002194,13.66,14.04,14.06,13.38,40984,75795909.0,4.95,2.11,0.29,2.91
2009-12-17,002194,14.0,14.38,14.48,13.92,103779,198297800.12,3.99,2.42,0.34,7.37
2009-12-18,002194,14.21,14.61,14.87,14.04,140328,273439764.3,5.77,1.6,0.23,9.96
2009-12-21,002194,14.63,14.79,14.86,14.3,75312,146702498.08,3.83,1.23,0.18,5.35
2009-12-22,002194,14.81,15.2,15.86,14.79,203224,415676105.94,7.23,2.77,0.41,14.42
2009-12-23,002194,15.2,16.31,16.37,15.09,169774,356934872.51,8.42,7.3,1.11,12.05
2009-12-24,002194,16.17,16.81,17.42,15.79,155093,341455993.64,9.99,3.07,0.5,11.01
2009-12-25,002194,16.54,16.4,17.42,16.37,98685,217957057.36,6.25,-2.44,-0.41,7.0
2009-12-28,002194,16.31,16.76,17.11,16.31,85561,187951804.79,4.88,2.2,0.36,6.07
2009-12-29,002194,16.76,16.43,16.86,16.23,66073,143866362.64,3.76,-1.97,-0.33,4.69
2009-12-30,002194,16.43,16.26,17.07,16.18,77275,168771884.28,5.42,-1.03,-0.17,5.48
2009-12-31,002194,16.3,16.54,16.7,16.12,73530,159747215.18,3.57,1.72,0.28,5.22
2010-01-04,002194,16.76,17.01,17.35,16.42,97339,218132149.34,5.62,2.84,0.47,6.91
2010-01-05,002194,16.96,17.75,17.9,16.88,116408,266950983.51,6.0,4.35,0.74,8.26
2010-01-06,002194,17.71,17.79,17.95,17.37,70296,162083666.51,3.27,0.23,0.04,4.99
2010-01-07,002194,17.55,16.37,17.68,16.19,95752,213298814.19,8.38,-7.98,-1.42,6.8
2010-01-08,002194,16.04,16.46,16.61,15.86,61995,132734024.28,4.58,0.55,0.09,4.4
2010-01-11,002194,16.46,17.0,17.36,15.96,82100,181398259.87,8.51,3.28,0.54,5.83
2010-01-12,002194,16.91,17.66,18.11,16.81,87484,201971189.58,7.65,3.88,0.66,6.21
2010-01-13,002194,17.16,17.83,18.31,17.12,90174,210750471.52,6.74,0.96,0.17,6.4
2010-01-14,002194,17.95,18.11,18.76,17.95,108381,259439989.32,4.54,1.57,0.28,7.69
2010-01-15,002194,17.96,17.7,18.25,17.43,69206,160171274.35,4.53,-2.26,-0.41,4.91
2010-01-18,002194,17.71,18.36,18.36,17.58,62875,148519740.54,4.41,3.73,0.66,4.46
2010-01-19,002194,18.36,17.88,18.58,17.87,52692,124290489.05,3.87,-2.61,-0.48,3.74
2010-01-20,002194,17.64,16.75,17.77,16.18,95016,210896072.06,8.89,-6.32,-1.13,6.74
2010-01-21,002194,16.56,16.44,16.87,16.37,38942,84962704.83,2.99,-1.85,-0.31,2.76
2010-01-22,002194,16.08,15.88,16.12,15.23,69823,145542813.13,5.41,-3.41,-0.56,4.96
2010-01-25,002194,15.87,15.79,16.34,15.71,46555,99344931.44,3.97,-0.57,-0.09,3.3
2010-01-26,002194,15.71,15.22,15.86,15.12,35371,72917315.02,4.69,-3.61,-0.57,2.51
2010-01-27,002194,15.21,15.29,15.61,15.12,35382,72238571.63,3.22,0.46,0.07,2.51
2010-01-28,002194,15.33,15.86,16.08,15.04,53217,109673079.34,6.8,3.73,0.57,3.78
2010-01-29,002194,15.67,15.66,16.22,15.51,50560,106177431.0,4.48,-1.26,-0.2,3.59
2010-02-01,002194,15.63,15.04,15.66,14.79,41422,83168559.22,5.56,-3.96,-0.62,2.94
2010-02-02,002194,15.16,14.86,15.32,14.81,32913,65969527.37,3.39,-1.2,-0.18,2.34
2010-02-03,002194,14.85,15.36,15.44,14.37,55785,111584549.07,7.2,3.36,0.5,3.96
2010-02-04,002194,15.17,15.43,15.96,15.09,38480,79459317.15,5.66,0.46,0.07,2.73
2010-02-05,002194,15.04,14.8,15.36,14.71,28319,56508050.69,4.21,-4.08,-0.63,2.01
2010-02-08,002194,14.81,14.44,15.02,14.44,21915,42734805.36,3.92,-2.43,-0.36,1.56
2010-02-09,002194,14.37,14.36,14.62,14.23,20823,40064437.52,2.7,-0.55,-0.08,1.48
2010-02-10,002194,14.62,14.91,14.94,14.52,23642,46529835.23,2.92,3.83,0.55,1.68
2010-02-11,002194,14.87,14.96,15.02,14.8,16592,32984891.52,1.48,0.34,0.05,1.18
2010-02-12,002194,15.01,15.21,15.36,14.96,13662,27527527.08,2.67,1.67,0.25,0.97
2010-02-22,002194,15.21,15.04,15.26,14.88,14430,28932937.75,2.5,-1.12,-0.17,1.02
2010-02-23,002194,14.99,15.66,15.66,14.79,24797,50145198.86,5.78,4.12,0.62,1.76
2010-02-24,002194,15.52,16.02,16.02,15.36,33296,69647447.79,4.21,2.3,0.36,2.36
2010-02-25,002194,16.04,16.05,16.21,15.91,38315,81132781.87,1.87,0.19,0.03,2.72
2010-02-26,002194,15.96,15.87,16.16,15.79,32632,68906998.85,2.31,-1.12,-0.18,2.32
2010-03-01,002194,15.71,15.82,15.83,15.46,54037,111857008.41,2.33,-0.32,-0.05,3.83
2010-03-02,002194,15.86,16.2,16.28,15.61,82591,175410085.05,4.24,2.4,0.38,5.86
2010-03-03,002194,16.19,16.46,16.5,16.05,63391,136488784.18,2.78,1.6,0.26,4.5
2010-03-04,002194,16.37,15.45,16.54,15.38,52738,111192345.53,7.05,-6.14,-1.01,3.74
2010-03-05,002194,15.44,15.69,15.83,15.04,39875,81993257.61,5.11,1.55,0.24,2.83
2010-03-08,002194,15.54,15.33,15.56,15.19,30481,62207990.4,2.36,-2.29,-0.36,2.16
2010-03-09,002194,15.29,14.87,15.33,14.83,68767,136645274.06,3.26,-3.0,-0.46,4.88
2010-03-10,002194,14.99,15.02,15.28,14.74,50041,99796749.72,3.63,1.01,0.15,3.55
2010-03-11,002194,15.02,14.85,15.2,14.81,41069,81767596.94,2.6,-1.13,-0.17,2.91
2010-03-12,002194,14.83,14.38,14.92,14.33,46743,90754967.42,3.97,-3.16,-0.47,3.32
2010-03-15,002194,14.37,14.1,14.41,13.96,29629,55889143.61,3.13,-1.95,-0.28,2.1
2010-03-16,002194,14.11,14.19,14.21,13.82,31040,58322608.43,2.77,0.64,0.09,2.2
2010-03-17,002194,14.21,14.82,14.87,14.16,56602,110085252.03,5.0,4.44,0.63,4.02
2010-03-18,002194,14.94,14.77,15.19,14.62,50140,99385401.65,3.85,-0.34,-0.05,3.56
2010-03-19,002194,14.8,15.02,15.03,14.65,44020,87324117.34,2.57,1.69,0.25,3.12
2010-03-22,002194,15.16,15.27,15.41,14.91,56321,113868464.67,3.33,1.66,0.25,4.0
2010-03-23,002194,15.19,14.78,15.21,14.77,37804,75088590.08,2.88,-3.21,-0.49,2.68
2010-03-25,002194,15.02,15.61,15.84,14.96,155541,319881439.12,5.95,5.62,0.83,11.04
2010-03-26,002194,15.61,15.56,15.71,15.37,76839,158191645.45,2.18,-0.32,-0.05,5.45
2010-03-29,002194,15.61,15.26,15.66,15.04,54953,111286715.18,3.98,-1.93,-0.3,3.9
2010-03-30,002194,15.24,15.56,15.61,15.06,53291,108613700.48,3.6,1.97,0.3,3.78
2010-03-31,002194,15.44,15.51,15.87,15.41,76070,158035638.08,2.96,-0.32,-0.05,5.4
2010-04-01,002194,15.51,15.75,15.81,15.38,61328,127489571.52,2.77,1.55,0.24,4.35
2010-04-02,002194,15.79,15.9,16.06,15.62,83316,175373053.64,2.79,0.95,0.15,5.91
2010-04-06,002194,15.99,15.71,16.12,15.63,41712,87350667.02,3.08,-1.19,-0.19,2.96
2010-04-07,002194,15.73,15.91,16.04,15.7,42826,90076205.79,2.16,1.27,0.2,3.04
2010-04-08,002194,15.83,15.48,15.9,15.46,47332,98015580.93,2.77,-2.7,-0.43,3.36
2010-04-09,002194,15.47,16.13,16.24,15.46,77495,164277129.2,5.04,4.2,0.65,5.5
2010-04-12,002194,16.19,16.56,16.61,16.11,117346,253618011.08,3.1,2.67,0.43,8.33
2010-04-13,002194,16.56,16.16,16.87,15.46,105703,227289389.43,8.51,-2.42,-0.4,7.5
2010-04-14,002194,16.25,17.06,17.21,16.04,125005,276961229.45,7.24,5.57,0.9,8.87
2010-04-15,002194,16.62,15.39,16.79,15.21,146918,312708293.06,9.26,-9.79,-1.67,10.42
2010-04-16,002194,15.21,15.26,15.62,14.63,61634,124903416.38,6.43,-0.84,-0.13,4.37
2010-04-19,002194,15.01,14.71,15.31,14.62,76385,151733627.98,4.52,-3.6,-0.55,5.42
2010-04-20,002194,14.71,15.11,15.12,14.54,43678,86468150.33,3.94,2.72,0.4,3.1
2010-04-21,002194,15.07,15.73,15.84,14.96,75530,156281769.44,5.82,4.1,0.62,5.36
2010-04-22,002194,15.83,15.96,16.46,15.83,126408,270248172.35,4.01,1.46,0.23,8.97
2010-04-23,002194,15.79,16.04,16.31,15.76,75799,160806227.84,3.45,0.5,0.08,5.38
2010-04-26,002194,16.21,16.56,16.67,15.78,118790,256755836.36,5.55,3.24,0.52,8.43
2010-04-27,002194,16.62,15.96,16.62,15.54,82197,173569467.22,6.52,-3.62,-0.6,5.83
2010-04-28,002194,15.62,15.83,16.11,15.62,36501,76451305.14,3.07,-0.81,-0.13,2.59
2010-04-29,002194,15.89,15.86,16.43,15.85,55169,117670832.79,3.66,0.19,0.03,3.91
2010-04-30,002194,15.71,14.23,15.71,14.11,113842,216956694.48,10.09,-10.28,-1.63,8.08
2010-05-05,002194,13.92,14.12,14.35,12.66,64773,120457845.45,11.88,-0.77,-0.11,4.6
2010-05-06,002194,14.15,13.21,14.43,13.01,68066,126256232.44,10.06,-6.44,-0.91,4.83
2010-05-07,002194,12.56,12.61,13.21,12.53,45992,79818187.14,5.15,-4.54,-0.6,3.26
2010-05-10,002194,12.69,12.08,12.9,11.62,63227,103797986.79,10.15,-4.2,-0.53,4.49
2010-05-11,002194,12.44,12.36,12.71,12.11,61819,104225419.14,4.97,2.32,0.28,4.39
2010-05-12,002194,12.24,12.22,12.49,11.79,20878,34496966.93,5.66,-1.13,-0.14,1.48
2010-05-13,002194,12.29,12.61,12.67,12.12,36789,62149226.09,4.5,3.19,0.39,2.61
2010-05-14,002194,12.5,12.33,12.63,12.17,48565,81682605.73,3.65,-2.22,-0.28,3.45
2010-05-17,002194,12.23,10.95,12.23,10.94,39163,61650437.79,10.46,-11.19,-1.38,2.78
2010-05-18,002194,11.03,11.07,11.29,10.33,42183,63103790.81,8.77,1.1,0.12,2.99
2010-05-19,002194,11.04,11.16,11.41,10.55,56117,85229743.44,7.77,0.81,0.09,3.98
2010-05-20,002194,11.04,10.73,11.33,10.67,36553,55475044.35,5.91,-3.85,-0.43,2.59
2010-05-21,002194,10.33,10.89,10.91,10.05,51922,75641937.66,8.01,1.49,0.16,3.68
2010-05-24,002194,10.86,11.56,11.76,10.86,70273,110372662.88,8.26,6.15,0.67,4.99
2010-05-25,002194,11.43,11.41,11.86,11.11,59578,93563041.42,6.49,-1.3,-0.15,4.23
2010-05-26,002194,11.36,11.44,11.56,11.23,42343,66218945.24,2.89,0.26,0.03,3.0
2010-05-27,002194,11.5,11.75,11.83,11.33,41208,64484456.84,4.37,2.71,0.31,2.92
2010-05-28,002194,11.86,12.05,12.32,11.84,60412,98288091.36,4.09,2.55,0.3,4.29
2010-05-31,002194,12.01,11.73,12.21,11.73,40135,64472271.69,3.98,-2.66,-0.32,2.85
2010-06-01,002194,11.58,11.43,11.64,10.73,60732,91222295.47,7.76,-2.56,-0.3,4.31
2010-06-02,002194,11.15,11.26,11.35,10.75,45191,67677395.64,5.25,-1.49,-0.17,3.21
2010-06-03,002194,11.33,11.32,11.61,11.29,46996,72454866.45,2.84,0.53,0.06,3.33
2010-06-04,002194,11.32,11.41,11.46,11.16,28046,42887642.69,2.65,0.8,0.09,1.99
2010-06-07,002194,11.0,11.12,11.23,10.71,43728,65239995.84,4.56,-2.54,-0.29,3.1
2010-06-08,002194,11.08,11.42,11.48,11.06,49913,76432885.14,3.78,2.7,0.3,3.54
2010-06-09,002194,11.55,11.8,11.87,11.49,54919,86450911.62,3.33,3.33,0.38,3.9
2010-06-10,002194,11.67,12.06,12.26,11.66,65482,105861275.88,5.08,2.2,0.26,4.65
2010-06-11,002194,12.06,11.84,12.16,11.75,36706,58699450.29,3.4,-1.82,-0.22,2.6
2010-06-17,002194,11.93,11.66,12.1,11.64,25889,41385702.46,3.89,-1.52,-0.18,1.84
2010-06-18,002194,11.66,11.26,11.98,11.08,33709,52733469.81,7.72,-3.43,-0.4,2.39
2010-06-21,002194,11.17,11.47,11.48,10.92,45920,69986582.92,4.97,1.87,0.21,3.26
2010-06-22,002194,11.48,11.47,11.56,11.33,27841,42994985.3,2.01,0.0,0.0,1.98
2010-06-23,002194,11.47,11.74,11.86,11.39,39745,62477617.35,4.1,2.35,0.27,2.82
2010-06-24,002194,11.9,11.98,12.24,11.75,54953,88281466.38,4.17,2.04,0.24,3.9
2010-06-25,002194,11.82,11.38,11.87,11.33,29393,45821015.97,4.51,-5.01,-0.6,2.09
2010-06-28,002194,11.1,11.11,11.36,11.01,16487,24950474.72,3.08,-2.37,-0.27,1.17
2010-06-29,002194,11.32,10.22,11.32,10.11,37761,53741895.3,10.89,-8.01,-0.89,2.68
2010-06-30,002194,10.04,9.58,10.05,9.51,49655,66151170.41,5.28,-6.26,-0.64,3.52
2010-07-01,002194,9.6,9.13,9.71,8.91,58089,74490795.61,8.35,-4.7,-0.45,4.12
2010-07-02,002194,9.16,9.25,9.37,8.75,36719,46309794.56,6.79,1.31,0.12,2.61
2010-07-05,002194,9.05,8.92,9.15,8.75,36295,45044741.76,4.32,-3.57,-0.33,2.58
2010-07-06,002194,8.87,9.19,9.21,8.81,50942,64154512.19,4.48,3.03,0.27,3.61
2010-07-07,002194,9.16,9.34,9.35,8.98,38231,48620976.52,4.03,1.63,0.15,2.71
2010-07-08,002194,9.27,9.15,9.36,9.11,29176,37185493.39,2.68,-2.03,-0.19,2.07
2010-07-09,002194,9.13,9.56,9.66,9.08,66392,86264954.6,6.34,4.48,0.41,4.71
2010-07-12,002194,9.5,9.76,9.77,9.46,58442,77403584.13,3.24,2.09,0.2,4.15
2010-07-13,002194,9.65,9.51,9.65,9.36,41933,54944962.86,2.97,-2.56,-0.25,2.98
2010-07-14,002194,9.5,9.56,9.78,9.46,45762,60758723.56,3.36,0.53,0.05,3.25
2010-07-15,002194,9.58,9.14,9.64,9.14,34617,44903637.28,5.23,-4.39,-0.42,2.46
2010-07-16,002194,9.08,9.1,9.2,8.83,30269,37842382.83,4.05,-0.44,-0.04,2.15
2010-07-19,002194,8.88,9.41,9.49,8.84,30663,39130093.06,7.14,3.41,0.31,2.18
2010-07-20,002194,9.41,9.81,9.89,9.41,64525,86283161.18,5.1,4.25,0.4,4.58
2010-07-21,002194,9.86,9.96,10.29,9.78,80034,110395525.48,5.2,1.53,0.15,5.68
2010-07-22,002194,9.91,10.09,10.1,9.81,46113,63080261.09,2.91,1.31,0.13,3.27
2010-07-23,002194,10.12,10.16,10.37,9.96,68645,95282053.32,4.06,0.69,0.07,4.87
2010-07-26,002194,10.22,10.34,10.44,10.08,63020,88522660.0,3.54,1.77,0.18,4.47
2010-07-27,002194,10.26,10.3,10.4,10.16,51889,72776969.87,2.32,-0.39,-0.04,3.68
2010-07-28,002194,10.27,10.57,10.62,10.16,68665,97844230.72,4.47,2.62,0.27,4.87
2010-07-29,002194,10.58,10.8,10.89,10.5,74617,108420966.07,3.69,2.18,0.23,5.29
2010-07-30,002194,10.66,10.56,10.68,10.41,67756,97231735.64,2.5,-2.22,-0.24,4.81
2010-08-02,002194,10.54,10.75,10.81,10.44,69749,101088550.46,3.5,1.8,0.19,4.95
2010-08-03,002194,10.83,10.41,10.86,10.41,56902,82425001.0,4.19,-3.16,-0.34,4.04
2010-08-04,002194,10.37,10.51,10.55,10.23,43879,62138647.03,3.07,0.96,0.1,3.11
2010-08-05,002194,10.51,10.5,10.65,10.39,42579,61092523.96,2.47,-0.1,-0.01,3.02
2010-08-06,002194,10.46,10.76,10.76,10.3,59706,85929834.63,4.38,2.48,0.26,4.24
2010-08-09,002194,10.76,11.03,11.03,10.71,68781,101867771.19,2.97,2.51,0.27,4.88
2010-08-10,002194,10.99,10.38,11.15,10.36,70485,102817016.04,7.16,-5.89,-0.65,5.0
2010-08-11,002194,10.36,10.36,10.5,10.11,74110,104299906.75,3.76,-0.19,-0.02,5.26
2010-08-12,002194,10.15,10.1,10.36,10.02,48445,67427886.28,3.28,-2.51,-0.26,3.44
2010-08-13,002194,10.1,10.32,10.36,10.01,44933,62579889.3,3.47,2.18,0.22,3.19
2010-08-16,002194,10.26,10.7,10.86,10.19,81607,117427130.63,6.49,3.68,0.38,5.79
2010-08-17,002194,10.73,11.04,11.19,10.7,112180,167281650.66,4.58,3.18,0.34,7.96
2010-08-18,002194,11.06,11.12,11.21,10.9,86559,129894746.5,2.81,0.72,0.08,6.14
2010-08-19,002194,11.18,11.0,11.18,10.92,61851,92354244.23,2.34,-1.08,-0.12,4.39
2010-08-20,002194,11.01,10.42,11.01,10.37,95503,137441501.79,5.82,-5.27,-0.58,6.78
2010-08-23,002194,10.44,10.45,10.62,10.36,44792,63978876.4,2.5,0.29,0.03,3.18
2010-08-24,002194,10.45,10.65,10.71,10.28,51500,73821054.56,4.11,1.91,0.2,3.65
2010-08-25,002194,10.52,10.26,10.68,10.25,44786,63893095.43,4.04,-3.66,-0.39,3.18
2010-08-26,002194,10.31,10.35,10.43,10.15,39716,55819688.38,2.73,0.88,0.09,2.82
2010-08-27,002194,10.26,10.35,10.41,10.17,28873,40580998.67,2.32,0.0,0.0,2.05
2010-08-30,002194,10.5,10.8,10.8,10.41,60366,87535016.64,3.77,4.35,0.45,4.28
2010-08-31,002194,10.71,12.02,12.02,10.66,234352,363617059.97,12.59,11.3,1.22,16.63
2010-09-01,002194,12.74,13.36,13.36,12.74,456299,799317376.79,5.16,11.15,1.34,32.38
2010-09-02,002194,13.36,13.67,14.23,12.97,399249,712773236.5,9.43,2.32,0.31,28.33
2010-09-03,002194,13.41,13.16,13.44,12.97,223985,392175879.16,3.44,-3.73,-0.51,15.89
2010-09-06,002194,12.99,12.61,13.3,12.41,158323,269395120.68,6.76,-4.18,-0.55,11.23
2010-09-07,002194,12.66,12.84,13.0,12.43,114873,195446226.37,4.52,1.82,0.23,8.15
2010-09-08,002194,12.75,12.96,13.04,12.46,95671,163532095.07,4.52,0.93,0.12,6.79
2010-09-09,002194,12.92,12.62,13.13,12.5,116875,198878805.11,4.86,-2.62,-0.34,8.29
2010-09-10,002194,12.6,12.5,12.88,12.16,85049,141682102.45,5.71,-0.95,-0.12,6.03
2010-09-13,002194,12.51,12.96,12.99,12.41,99413,169206659.28,4.64,3.68,0.46,7.05
2010-09-14,002194,12.91,12.71,13.1,12.58,102389,174279837.31,4.01,-1.93,-0.25,7.26
2010-09-15,002194,12.71,12.39,12.87,12.26,72660,121123807.22,4.8,-2.52,-0.32,5.16
2010-09-16,002194,12.4,11.84,12.49,11.51,73934,118172323.97,7.91,-4.44,-0.55,5.25
2010-09-17,002194,11.76,11.62,11.88,11.56,43410,68440239.51,2.7,-1.86,-0.22,3.08
2010-09-20,002194,11.69,11.21,11.79,11.08,48518,74394459.53,6.11,-3.53,-0.41,3.44
2010-09-21,002194,11.22,11.06,11.45,10.98,38916,59042810.67,4.19,-1.34,-0.15,2.76
2010-09-27,002194,11.21,11.56,11.58,11.08,48785,74967160.69,4.52,4.52,0.5,3.46
2010-09-28,002194,11.55,11.19,11.56,11.12,40767,62439280.41,3.81,-3.2,-0.37,2.89
2010-09-29,002194,11.17,11.26,11.39,10.96,51617,77961567.38,3.84,0.63,0.07,3.66
2010-09-30,002194,11.22,11.82,11.9,11.1,78910,123238956.2,7.1,4.97,0.56,5.6
2010-10-08,002194,11.93,12.0,12.16,11.66,74353,119337003.37,4.23,1.52,0.18,5.28
2010-10-11,002194,12.25,11.54,12.28,11.46,102698,162173850.32,6.83,-3.83,-0.46,7.29
2010-10-12,002194,11.57,11.58,11.8,11.41,58831,92042852.65,3.38,0.35,0.04,4.17
2010-10-13,002194,11.65,11.72,11.73,11.23,75017,115997060.99,4.32,1.21,0.14,5.32
2010-10-14,002194,11.72,11.24,11.76,11.15,71948,110661477.58,5.2,-4.1,-0.48,5.11
2010-10-15,002194,11.16,11.32,11.66,11.08,84368,128918660.05,5.16,0.71,0.08,5.99
2010-10-18,002194,11.55,10.77,11.55,10.52,78454,114955379.19,9.1,-4.86,-0.55,5.57
2010-10-19,002194,10.79,11.26,11.32,10.71,60969,91413445.84,5.66,4.55,0.49,4.33
2010-10-20,002194,11.08,11.35,11.57,10.91,71776,109758630.45,5.86,0.8,0.09,5.09
2010-10-21,002194,11.46,11.6,11.65,11.24,72770,112425512.11,3.61,2.2,0.25,5.16
2010-10-22,002194,11.65,11.77,11.9,11.56,88382,139302980.6,2.93,1.47,0.17,6.27
2010-10-25,002194,11.93,12.56,12.68,11.93,156292,257870357.23,6.37,6.71,0.79,11.09
2010-10-26,002194,12.49,12.61,12.77,12.18,119924,200005146.53,4.7,0.4,0.05,8.51
2010-10-27,002194,12.63,12.16,12.65,12.16,103538,171135383.04,3.89,-3.57,-0.45,7.35
2010-10-28,002194,12.08,11.93,12.16,11.75,57977,93069707.28,3.37,-1.89,-0.23,4.11
2010-10-29,002194,12.0,12.57,12.71,11.88,84195,139485791.47,6.96,5.36,0.64,5.97
2010-11-01,002194,12.61,12.66,12.73,12.41,97235,163803799.23,2.55,0.72,0.09,6.9
2010-11-02,002194,12.69,12.17,12.75,12.14,90483,150346051.58,4.82,-3.87,-0.49,6.42
2010-11-03,002194,12.12,12.06,12.46,11.97,48290,79013004.2,4.03,-0.9,-0.11,3.43
2010-11-04,002194,11.93,12.27,12.41,11.92,45439,74482099.99,4.06,1.74,0.21,3.22
2010-11-05,002194,12.41,12.66,12.71,12.25,82904,138939498.49,3.75,3.18,0.39,5.88
2010-11-08,002194,12.76,12.82,13.15,12.48,99836,170853923.26,5.29,1.26,0.16,7.08
2010-11-09,002194,12.81,12.75,12.98,12.48,79506,134235014.97,3.9,-0.55,-0.07,5.64
2010-11-10,002194,12.76,13.12,13.21,12.76,111752,193365706.91,3.53,2.9,0.37,7.93
2010-11-11,002194,13.04,12.67,13.25,12.67,98415,170592308.65,4.42,-3.43,-0.45,6.98
2010-11-12,002194,12.67,11.34,12.71,11.28,94380,151827116.72,11.29,-10.5,-1.33,6.7
2010-11-15,002194,11.32,11.61,11.72,11.32,46304,71877141.19,3.53,2.38,0.27,3.29
2010-11-16,002194,11.54,11.16,11.83,11.0,57816,89120748.29,7.15,-3.88,-0.45,4.1
2010-11-17,002194,11.08,11.0,11.38,10.91,32461,49034306.97,4.21,-1.43,-0.16,2.3
2010-11-18,002194,11.16,11.13,11.29,10.83,24966,37341560.31,4.18,1.18,0.13,1.77
2010-11-19,002194,11.25,11.62,11.65,11.13,51916,80101359.86,4.67,4.4,0.49,3.68
2010-11-22,002194,11.55,12.93,12.93,11.46,224656,381561586.94,12.65,11.27,1.31,15.94
2010-11-23,002194,12.91,12.36,12.91,12.06,121147,200921607.17,6.57,-4.41,-0.57,8.6
2010-11-24,002194,12.16,12.68,12.76,12.16,90668,151715332.57,4.85,2.59,0.32,6.43
2010-11-25,002194,12.66,12.51,12.71,12.33,75246,125823177.24,3.0,-1.34,-0.17,5.34
2010-11-26,002194,12.42,12.16,12.5,12.01,76638,124900697.39,3.92,-2.8,-0.35,5.44
2010-11-29,002194,12.04,12.34,12.4,12.04,43882,71951124.71,2.96,1.48,0.18,3.11
2010-11-30,002194,12.25,11.58,12.54,11.27,71912,114416275.88,10.29,-6.16,-0.76,5.1
2010-12-01,002194,11.56,11.53,11.65,11.33,33640,52050780.3,2.76,-0.43,-0.05,2.39
2010-12-02,002194,11.66,11.72,12.06,11.61,48327,76763298.26,3.9,1.65,0.19,3.43
2010-12-03,002194,11.69,11.31,11.69,11.16,49680,76277002.79,4.52,-3.5,-0.41,3.53
2010-12-06,002194,11.26,11.11,11.49,10.98,33338,50426601.4,4.51,-1.77,-0.2,2.37
2010-12-07,002194,11.14,11.37,11.44,10.9,31175,47205935.15,4.86,2.34,0.26,1.25
2010-12-08,002194,11.36,11.29,11.61,11.21,33162,51089826.59,3.52,-0.7,-0.08,1.33
2010-12-09,002194,11.22,10.91,11.25,10.81,32225,48002784.84,3.9,-3.37,-0.38,1.29
2010-12-10,002194,10.77,11.11,11.16,10.66,25256,37602464.81,4.58,1.83,0.2,1.01
2010-12-13,002194,11.16,11.5,11.64,11.12,44440,68454472.81,4.68,3.51,0.39,1.78
2010-12-14,002194,11.56,11.59,11.87,11.5,48354,76080032.55,3.22,0.78,0.09,1.94
2010-12-15,002194,11.59,11.45,11.72,11.42,33368,51909839.53,2.59,-1.21,-0.14,1.34
2010-12-16,002194,11.46,11.51,11.71,11.42,30303,47331060.94,2.53,0.52,0.06,1.22
2010-12-17,002194,11.5,11.65,11.66,11.41,24102,37572347.44,2.17,1.22,0.14,0.97
2010-12-20,002194,11.68,11.18,11.79,10.98,46719,71482174.24,6.95,-4.03,-0.47,1.88
2010-12-21,002194,11.16,11.46,11.46,11.16,29902,45758732.2,2.68,2.5,0.28,1.2
2010-12-22,002194,11.48,11.25,11.49,11.22,24628,37681216.84,2.36,-1.83,-0.21,0.99
2010-12-23,002194,11.17,10.96,11.29,10.92,24904,37446434.43,3.29,-2.58,-0.29,1.0
2010-12-24,002194,10.99,10.63,11.04,10.56,35123,51105964.79,4.38,-3.01,-0.33,1.41
2010-12-27,002194,10.66,10.11,10.8,10.11,39817,57019834.2,6.49,-4.89,-0.52,1.6
2010-12-28,002194,10.11,9.75,10.11,9.65,24872,33620083.65,4.55,-3.56,-0.36,1.0
2010-12-29,002194,9.79,10.05,10.05,9.68,22125,30128095.23,3.79,3.08,0.3,0.89
2010-12-30,002194,10.0,9.96,10.08,9.91,20562,28181577.3,1.69,-0.9,-0.09,0.83
2010-12-31,002194,9.94,10.16,10.17,9.9,24715,34053996.93,2.71,2.01,0.2,0.99
2011-01-04,002194,10.18,10.37,10.39,10.09,27227,38025008.6,2.95,2.07,0.21,1.09
2011-01-05,002194,10.33,10.33,10.36,10.19,20413,28641491.43,1.64,-0.39,-0.04,0.82
2011-01-06,002194,10.33,10.12,10.38,10.11,25569,35615049.67,2.61,-2.03,-0.21,1.03
2011-01-07,002194,10.16,10.14,10.28,10.05,19494,27100809.65,2.27,0.2,0.02,0.78
2011-01-10,002194,10.14,9.78,10.2,9.76,19158,26168270.16,4.34,-3.55,-0.36,0.77
2011-01-11,002194,9.71,9.96,9.96,9.66,18206,24580319.66,3.07,1.84,0.18,0.73
2011-01-12,002194,9.96,10.04,10.1,9.84,11437,15667174.68,2.61,0.8,0.08,0.46
2011-01-13,002194,10.16,10.2,10.4,10.06,33409,46635694.75,3.39,1.59,0.16,1.34
2011-01-14,002194,10.16,9.83,10.16,9.78,18309,24850698.24,3.73,-3.63,-0.37,0.74
2011-01-17,002194,9.76,9.25,9.83,9.21,26475,34417238.56,6.31,-5.9,-0.58,1.06
2011-01-18,002194,9.22,9.36,9.39,9.16,9964,12836481.91,2.49,1.19,0.11,0.4
2011-01-19,002194,9.41,9.54,9.56,9.31,13001,16975841.49,2.67,1.92,0.18,0.52
2011-01-20,002194,9.54,9.18,9.55,9.16,14835,19116519.22,4.09,-3.77,-0.36,0.6
2011-01-21,002194,9.17,9.29,9.41,9.13,9905,12705124.19,3.05,1.2,0.11,0.4
2011-01-24,002194,9.26,9.26,9.48,9.25,11708,15112859.12,2.48,-0.32,-0.03,0.47
2011-01-25,002194,9.23,9.14,9.27,9.06,8135,10311680.65,2.27,-1.3,-0.12,0.33
2011-01-26,002194,9.1,9.34,9.41,9.1,11024,14212763.5,3.39,2.19,0.2,0.44
2011-01-27,002194,9.26,9.52,9.63,9.25,15898,20841922.95,4.07,1.93,0.18,0.64
2011-01-28,002194,9.5,9.52,9.62,9.44,11132,14639093.5,1.89,0.0,0.0,0.45
2011-01-31,002194,9.53,9.62,9.62,9.46,13578,17876520.5,1.68,1.05,0.1,0.55
2011-02-01,002194,9.58,9.55,9.65,9.51,10656,14033979.94,1.46,-0.73,-0.07,0.43
2011-02-09,002194,9.45,9.69,9.78,9.45,17884,23799828.65,3.46,1.47,0.14,0.72
2011-02-10,002194,9.66,9.93,9.96,9.65,20726,28017394.64,3.2,2.48,0.24,0.83
2011-02-11,002194,9.94,9.91,9.99,9.81,20575,27949469.09,1.81,-0.2,-0.02,0.83
2011-02-14,002194,9.96,10.06,10.1,9.91,30785,42262084.85,1.92,1.51,0.15,1.24
2011-02-15,002194,10.01,10.09,10.21,10.01,30370,42062103.31,1.99,0.3,0.03,1.22
2011-02-16,002194,9.93,10.28,10.31,9.93,29317,40793706.28,3.77,1.88,0.19,1.18
2011-02-17,002194,10.28,10.34,10.5,10.16,32404,45671981.17,3.31,0.58,0.06,1.3
2011-02-18,002194,10.36,10.08,10.39,9.93,28304,39355935.1,4.45,-2.51,-0.26,1.14
2011-02-21,002194,10.06,10.6,10.64,10.05,40740,57729592.09,5.85,5.16,0.52,1.64
2011-02-22,002194,10.55,10.17,10.61,10.13,36006,50723779.16,4.53,-4.06,-0.43,1.45
2011-02-23,002194,10.08,10.23,10.31,10.04,18547,25788826.48,2.65,0.59,0.06,0.74
2011-02-24,002194,10.2,10.27,10.3,10.08,19769,27550926.49,2.15,0.39,0.04,0.79
2011-02-25,002194,10.33,10.36,10.38,10.03,27573,38619537.25,3.41,0.88,0.09,1.11
2011-02-28,002194,10.33,10.56,10.66,10.26,36927,52869209.66,3.86,1.93,0.2,1.48
2011-03-01,002194,10.53,10.49,10.65,10.39,34134,48939538.22,2.46,-0.66,-0.07,1.37
2011-03-02,002194,10.46,10.59,10.61,10.34,30510,43556971.49,2.57,0.95,0.1,1.23
2011-03-03,002194,10.58,10.18,10.62,10.17,28817,40765953.82,4.25,-3.87,-0.41,1.16
2011-03-04,002194,10.21,10.35,10.4,10.18,18027,25304828.48,2.16,1.67,0.17,0.72
2011-03-07,002194,10.35,10.46,10.53,10.33,27391,38992998.26,1.93,1.06,0.11,1.1
2011-03-08,002194,10.44,10.61,10.66,10.42,33899,48662641.51,2.29,1.43,0.15,1.36
2011-03-09,002194,10.61,10.58,10.72,10.47,31932,46026725.6,2.36,-0.28,-0.03,1.28
2011-03-10,002194,10.56,10.35,10.65,10.31,31167,44296219.91,3.21,-2.17,-0.23,1.25
2011-03-11,002194,10.37,10.26,10.45,10.25,28880,40765681.45,1.93,-0.87,-0.09,1.16
2011-03-14,002194,10.21,10.46,10.46,10.21,33326,47202603.16,2.44,1.95,0.2,1.34
2011-03-15,002194,10.48,10.35,10.56,10.15,39840,56165333.53,3.92,-1.05,-0.11,1.6
2011-03-16,002194,10.27,10.63,10.64,10.26,45043,64266040.62,3.67,2.71,0.28,1.81
2011-03-17,002194,10.58,10.35,10.6,10.31,35662,50806452.0,2.73,-2.63,-0.28,1.43
2011-03-18,002194,10.46,10.86,10.99,10.46,109790,160899468.47,5.12,4.93,0.51,4.41
2011-03-21,002194,10.75,10.8,11.16,10.75,81192,120588600.56,3.78,-0.55,-0.06,3.26
2011-03-22,002194,10.75,10.55,10.87,10.44,51645,74119522.09,3.98,-2.31,-0.25,2.07
2011-03-23,002194,10.47,10.56,10.56,10.33,44300,63162580.2,2.18,0.09,0.01,1.78
2011-03-24,002194,10.57,10.56,10.61,10.44,37788,54039295.85,1.61,0.0,0.0,1.52
2011-03-25,002194,10.58,10.68,10.81,10.57,44025,63985659.89,2.27,1.14,0.12,1.77
2011-03-28,002194,10.7,10.85,10.88,10.67,48326,70583268.7,1.97,1.59,0.17,1.94
2011-03-29,002194,10.87,10.71,10.9,10.65,42019,61291079.2,2.3,-1.29,-0.14,1.69
2011-03-30,002194,10.71,10.28,10.76,10.25,39606,56112547.59,4.76,-4.01,-0.43,1.59
2011-03-31,002194,10.32,10.23,10.41,10.13,20472,28669840.35,2.72,-0.49,-0.05,0.82
2011-04-01,002194,10.13,10.36,10.36,10.13,14879,20889216.4,2.25,1.27,0.13,0.6
2011-04-06,002194,10.36,10.25,10.36,10.18,20067,28103225.15,1.74,-1.06,-0.11,0.81
2011-04-07,002194,10.25,10.16,10.29,9.98,28291,39059677.95,3.02,-0.88,-0.09,1.14
2011-04-08,002194,10.15,10.26,10.3,10.06,17927,25061518.01,2.36,0.98,0.1,0.72
2011-04-11,002194,10.27,10.15,10.36,10.14,31002,43379505.55,2.14,-1.07,-0.11,1.24
2011-04-13,002194,10.15,10.23,10.25,9.98,22276,30796223.09,2.66,0.79,0.08,0.89
2011-04-14,002194,10.21,10.3,10.35,10.2,25995,36450642.93,1.47,0.68,0.07,1.04
2011-04-15,002194,10.3,10.21,10.3,10.08,21011,29261851.22,2.14,-0.87,-0.09,0.84
2011-04-18,002194,10.21,10.08,10.21,10.01,27205,37600566.52,1.96,-1.27,-0.13,1.09
2011-04-19,002194,10.06,9.7,10.06,9.66,40690,54717051.59,3.97,-3.77,-0.38,1.63
2011-04-20,002194,9.71,9.82,9.87,9.69,18500,24886491.3,1.86,1.24,0.12,0.74
2011-04-21,002194,9.83,9.87,9.93,9.79,19716,26700996.3,1.43,0.51,0.05,0.79
2011-04-22,002194,9.87,9.81,9.99,9.74,18664,25209019.92,2.53,-0.61,-0.06,0.75
2011-04-25,002194,9.71,9.43,9.78,9.41,28885,38015659.24,3.77,-3.87,-0.38,1.16
2011-04-26,002194,9.41,9.31,9.51,9.29,21940,28346373.4,2.33,-1.27,-0.12,0.88
2011-04-27,002194,9.29,9.27,9.41,9.2,12088,15560780.61,2.26,-0.43,-0.04,0.49
2011-04-28,002194,9.31,8.99,9.39,8.96,19055,24179569.86,4.64,-3.02,-0.28,0.77
2011-04-29,002194,9.03,9.12,9.2,8.91,20286,25541096.15,3.23,1.45,0.13,0.81
2011-05-03,002194,9.16,9.25,9.31,9.03,17153,21890487.48,3.07,1.43,0.13,0.69
2011-05-04,002194,9.25,8.98,9.25,8.95,18091,22745371.29,3.24,-2.92,-0.27,0.73
2011-05-05,002194,9.01,8.99,9.07,8.91,15525,19370661.63,1.78,0.11,0.01,0.62
2011-05-06,002194,8.98,9.16,9.22,8.79,30852,38443352.87,4.78,1.89,0.17,1.24
2011-05-09,002194,9.16,9.21,9.21,9.09,17875,22702770.44,1.31,0.55,0.05,0.72
2011-05-10,002194,9.21,9.33,9.36,9.16,19692,25245280.39,2.17,1.3,0.12,0.79
2011-05-11,002194,9.35,9.32,9.36,9.22,18359,23621879.34,1.5,-0.11,-0.01,0.74
2011-05-12,002194,9.36,9.02,9.36,8.97,27051,33598698.52,4.18,-3.22,-0.3,1.09
2011-05-13,002194,9.0,9.21,9.21,8.96,16948,20985291.25,2.77,2.11,0.19,0.68
2011-05-16,002194,9.21,9.26,9.35,9.16,16956,21283632.1,2.06,0.54,0.05,0.68
2011-05-17,002194,9.24,9.18,9.24,8.98,13466,16728125.74,2.81,-0.86,-0.08,0.54
2011-05-18,002194,9.17,9.19,9.3,9.08,18241,22830218.69,2.4,0.11,0.01,0.73
2011-05-19,002194,9.21,9.15,9.28,9.15,13885,17358847.45,1.41,-0.44,-0.04,0.56
2011-05-20,002194,9.15,9.03,9.18,8.98,15004,18488453.39,2.19,-1.31,-0.12,0.6
2011-05-23,002194,9.03,8.62,9.09,8.62,19949,24027995.62,5.2,-4.54,-0.41,0.8
2011-05-24,002194,8.59,8.52,8.6,8.35,16960,19676261.69,2.9,-1.16,-0.1,0.68
2011-05-25,002194,8.54,8.39,8.64,8.37,11646,13540605.78,3.17,-1.53,-0.13,0.47
2011-05-26,002194,8.42,8.36,8.5,8.36,10973,12663611.2,1.67,-0.36,-0.03,0.44
2011-05-27,002194,8.31,8.04,8.39,7.98,14786,16645856.24,4.9,-3.83,-0.32,0.59
2011-05-30,002194,7.96,7.95,8.06,7.83,12987,14274763.86,2.86,-1.12,-0.09,0.52
2011-05-31,002194,8.0,8.16,8.17,7.94,11677,13003281.12,2.89,2.64,0.21,0.47
2011-06-01,002194,8.16,8.21,8.24,8.11,11738,13225480.41,1.59,0.61,0.05,0.47
2011-06-02,002194,8.11,8.09,8.12,7.96,12465,13823650.72,1.95,-1.46,-0.12,0.5
2011-06-03,002194,8.03,8.21,8.21,8.03,12510,14062796.19,2.22,1.48,0.12,0.5
2011-06-07,002194,8.17,8.21,8.25,8.12,8276,9337083.8,1.58,0.0,0.0,0.33
2011-06-08,002194,8.24,8.21,8.24,8.04,10457,11729881.97,2.44,0.0,0.0,0.42
2011-06-09,002194,8.21,7.99,8.21,7.96,9401,10478838.5,3.05,-2.68,-0.22,0.38
2011-06-10,002194,7.96,7.96,8.0,7.79,10924,11934747.12,2.63,-0.38,-0.03,0.44
2011-06-13,002194,7.91,7.87,7.91,7.74,8854,9588797.65,2.14,-1.13,-0.09,0.36
2011-06-14,002194,7.84,8.03,8.06,7.83,8951,9884812.73,2.92,2.03,0.16,0.36
2011-06-15,002194,8.05,7.88,8.06,7.87,8375,9248245.34,2.37,-1.87,-0.15,0.34
2011-06-16,002194,7.9,7.71,7.93,7.69,10222,11032334.83,3.05,-2.16,-0.17,0.41
2011-06-17,002194,7.71,7.61,7.76,7.56,10025,10699237.1,2.59,-1.3,-0.1,0.4
2011-06-20,002194,7.55,7.34,7.58,7.32,14167,14655579.53,3.42,-3.55,-0.27,0.57
2011-06-21,002194,7.38,7.45,7.46,7.31,9783,10090471.05,2.04,1.5,0.11,0.39
2011-06-22,002194,7.38,7.42,7.5,7.38,13316,13832591.52,1.61,-0.4,-0.03,0.53
2011-06-23,002194,7.42,7.65,7.66,7.32,20011,21049262.85,4.58,3.1,0.23,0.8
2011-06-24,002194,7.62,7.84,7.91,7.58,24148,26070014.68,4.31,2.48,0.19,0.97
2011-06-27,002194,7.86,7.98,8.02,7.81,20299,22300910.19,2.68,1.79,0.14,0.82
2011-06-28,002194,7.96,7.95,7.99,7.84,13506,14811997.02,1.88,-0.38,-0.03,0.54
2011-06-29,002194,7.95,7.9,8.14,7.88,17953,19913642.37,3.27,-0.63,-0.05,0.72
2011-06-30,002194,7.91,8.04,8.04,7.84,16947,18678352.6,2.53,1.77,0.14,0.68
2011-07-01,002194,8.02,8.02,8.11,7.99,12219,13594165.52,1.49,-0.25,-0.02,0.49
2011-07-04,002194,8.02,8.19,8.21,8.02,18477,20735495.56,2.37,2.12,0.17,0.74
2011-07-05,002194,8.2,8.4,8.43,8.16,36215,41320299.85,3.3,2.56,0.21,1.46
2011-07-06,002194,8.4,8.55,8.6,8.24,40706,47164030.8,4.29,1.79,0.15,1.64
2011-07-07,002194,8.52,8.45,8.61,8.38,26306,30676680.97,2.69,-1.17,-0.1,1.06
2011-07-08,002194,8.39,8.53,8.55,8.33,17702,20475011.61,2.6,0.95,0.08,0.71
2011-07-11,002194,8.51,8.51,8.65,8.4,18348,21406862.53,2.93,-0.23,-0.02,0.74
2011-07-12,002194,8.51,8.61,8.68,8.34,102891,120866496.4,4.0,1.18,0.1,4.13
2011-07-13,002194,8.69,8.93,9.06,8.54,82847,99100676.12,6.04,3.72,0.32,3.33
2011-07-14,002194,9.0,9.13,9.23,8.8,110528,135405580.23,4.82,2.24,0.2,4.44
2011-07-15,002194,9.25,8.91,9.43,8.88,156410,191952205.74,6.02,-2.41,-0.22,6.28
2011-07-18,002194,9.02,8.75,9.02,8.69,92478,111035764.45,3.7,-1.8,-0.16,3.72
2011-07-19,002194,8.75,8.58,8.77,8.48,58764,69188525.28,3.31,-1.94,-0.17,2.36
2011-07-20,002194,8.65,8.54,8.66,8.44,30037,35160203.47,2.56,-0.47,-0.04,1.21
2011-07-21,002194,8.52,8.49,8.63,8.48,23849,27912392.3,1.76,-0.59,-0.05,0.96
2011-07-22,002194,8.56,8.58,8.64,8.46,21417,25104362.51,2.12,1.06,0.09,0.86
2011-07-25,002194,8.51,7.89,8.51,7.79,37088,41606578.05,8.39,-8.04,-0.69,1.49
2011-07-26,002194,7.89,7.84,7.95,7.76,20997,22776190.77,2.41,-0.63,-0.05,0.84
2011-07-27,002194,7.82,7.94,8.0,7.72,19540,21388389.91,3.57,1.28,0.1,0.79
2011-07-28,002194,7.8,7.9,7.93,7.76,15387,16682023.94,2.14,-0.5,-0.04,0.62
2011-07-29,002194,7.87,7.86,7.92,7.8,12004,13089858.03,1.52,-0.51,-0.04,0.48
2011-08-01,002194,7.83,7.91,7.93,7.76,11609,12663456.94,2.16,0.64,0.05,0.47
2011-08-02,002194,7.86,7.75,7.86,7.63,13793,14744960.19,2.91,-2.02,-0.16,0.55
2011-08-03,002194,7.71,7.83,7.87,7.6,12155,13128813.12,3.48,1.03,0.08,0.49
2011-08-04,002194,7.83,7.96,8.08,7.83,18937,20886841.65,3.19,1.66,0.13,0.76
2011-08-05,002194,7.71,7.71,7.83,7.62,15312,16455890.06,2.64,-3.14,-0.25,0.62
2011-08-08,002194,7.58,7.02,7.58,6.87,26277,26580640.54,9.21,-8.95,-0.69,1.06
2011-08-09,002194,6.82,6.88,6.97,6.44,21584,20603183.16,7.55,-1.99,-0.14,0.87
2011-08-10,002194,7.01,6.96,7.11,6.93,16425,16268816.72,2.62,1.16,0.08,0.66
2011-08-11,002194,6.79,7.14,7.16,6.67,20587,20273432.95,7.04,2.59,0.18,0.83
2011-08-12,002194,7.21,7.21,7.38,7.16,16564,16816966.0,3.08,0.98,0.07,0.67
2011-08-15,002194,7.3,7.33,7.34,7.18,15941,16233501.0,2.22,1.66,0.12,0.64
2011-08-16,002194,7.34,7.33,7.43,7.28,17668,18137053.0,2.05,0.0,0.0,0.71
2011-08-17,002194,7.33,7.25,7.36,7.21,11507,11715611.0,2.05,-1.09,-0.08,0.46
2011-08-18,002194,7.22,7.06,7.29,7.04,13337,13378376.0,3.45,-2.62,-0.19,0.54
2011-08-19,002194,6.95,6.91,6.96,6.83,14172,13779922.0,1.84,-2.12,-0.15,0.57
2011-08-22,002194,6.87,6.99,7.07,6.87,10916,10765938.0,2.89,1.16,0.08,0.44
2011-08-23,002194,7.01,7.37,7.38,7.01,24561,25020917.0,5.29,5.44,0.38,0.99
2011-08-24,002194,7.46,7.33,7.51,7.31,21098,21779882.0,2.71,-0.54,-0.04,0.85
2011-08-25,002194,7.33,7.54,7.57,7.26,25116,26102043.0,4.23,2.86,0.21,1.01
2011-08-26,002194,7.49,7.57,7.65,7.46,19524,20559910.0,2.52,0.4,0.03,0.78
2011-08-29,002194,7.53,7.36,7.53,7.33,18209,18870905.0,2.64,-2.77,-0.21,0.73
2011-08-30,002194,7.41,7.38,7.58,7.34,15872,16547003.0,3.26,0.27,0.02,0.64
2011-08-31,002194,7.37,7.43,7.46,7.26,12172,12533917.0,2.71,0.68,0.05,0.49
2011-09-01,002194,7.46,7.44,7.57,7.38,18065,18876838.0,2.56,0.13,0.01,0.73
2011-09-02,002194,7.43,7.26,7.43,7.24,12719,12963199.0,2.55,-2.42,-0.18,0.51
2011-09-05,002194,7.21,6.89,7.21,6.87,18380,18052903.0,4.68,-5.1,-0.37,0.74
2011-09-06,002194,6.81,6.76,6.87,6.71,11920,11447867.0,2.32,-1.89,-0.13,0.48
2011-09-07,002194,6.79,7.01,7.02,6.79,11304,11030646.0,3.4,3.7,0.25,0.45
2011-09-08,002194,7.03,6.96,7.21,6.96,11339,11251329.0,3.57,-0.71,-0.05,0.46
2011-09-09,002194,6.96,6.96,7.06,6.91,7453,7324727.0,2.16,0.0,0.0,0.3
2011-09-13,002194,6.79,6.86,6.9,6.71,5816,5594951.0,2.73,-1.44,-0.1,0.23
2011-09-14,002194,6.94,7.09,7.11,6.75,13892,13622302.0,5.25,3.35,0.23,0.56
2011-09-15,002194,7.07,7.01,7.19,7.0,15133,15129926.0,2.68,-1.13,-0.08,0.61
2011-09-16,002194,7.08,7.19,7.27,7.06,23662,23838339.0,3.0,2.57,0.18,0.95
2011-09-19,002194,7.14,7.17,7.3,7.05,24444,24677891.0,3.48,-0.28,-0.02,0.98
2011-09-20,002194,7.16,7.31,7.36,7.12,24656,25083723.0,3.35,1.95,0.14,0.99
2011-09-21,002194,7.26,7.51,7.57,7.21,35775,37172296.0,4.92,2.74,0.2,1.44
2011-09-22,002194,7.43,7.31,7.5,7.24,20267,20873467.0,3.46,-2.66,-0.2,0.81
2011-09-23,002194,7.14,7.26,7.26,7.05,15686,15738119.0,2.87,-0.68,-0.05,0.63
2011-09-26,002194,7.21,7.17,7.37,7.14,10621,10763996.0,3.17,-1.24,-0.09,0.43
2011-09-27,002194,7.26,7.29,7.33,7.15,9992,10138290.0,2.51,1.67,0.12,0.4
2011-09-28,002194,7.37,7.44,7.48,7.3,37460,38799074.0,2.47,2.06,0.15,1.51
2011-09-29,002194,7.43,7.4,7.6,7.18,42828,44522504.0,5.65,-0.54,-0.04,1.72
2011-09-30,002194,7.36,7.08,7.51,7.04,23404,23706788.0,6.35,-4.32,-0.32,0.94
2011-10-10,002194,7.08,6.86,7.11,6.86,11417,11189999.0,3.53,-3.11,-0.22,0.46
2011-10-11,002194,7.07,6.84,7.08,6.71,12660,12350536.0,5.39,-0.29,-0.02,0.51
2011-10-12,002194,6.87,7.26,7.27,6.75,21487,21469568.0,7.6,6.14,0.42,0.86
2011-10-13,002194,7.25,7.55,7.58,7.16,36476,37768724.0,5.79,3.99,0.29,1.47
2011-10-14,002194,7.51,7.47,7.54,7.34,19119,19853169.0,2.65,-1.06,-0.08,0.77
2011-10-17,002194,7.53,7.62,7.77,7.44,23886,25292988.0,4.42,2.01,0.15,0.96
2011-10-18,002194,7.52,7.31,7.66,7.29,20591,21361320.0,4.86,-4.07,-0.31,0.83
2011-10-19,002194,7.31,7.56,7.59,7.17,26229,27125575.0,5.75,3.42,0.25,1.05
2011-10-20,002194,7.5,7.26,7.51,7.16,24008,24578254.0,4.63,-3.97,-0.3,0.96
2011-10-21,002194,7.21,6.96,7.25,6.96,16954,16825286.0,3.99,-4.13,-0.3,0.68
2011-10-24,002194,6.91,7.21,7.23,6.74,20084,19693029.0,7.04,3.59,0.25,0.81
2011-10-25,002194,7.13,7.59,7.59,7.1,42128,43727163.0,6.8,5.27,0.38,1.69
2011-10-26,002194,7.59,7.65,7.82,7.48,58666,62490038.0,4.48,0.79,0.06,2.36
2011-10-27,002194,7.65,7.62,7.69,7.54,34201,36217991.0,1.96,-0.39,-0.03,1.37
2011-10-28,002194,7.76,7.81,7.87,7.65,49392,53215774.0,2.89,2.49,0.19,1.98
2011-10-31,002194,7.79,7.94,8.18,7.72,72224,79806274.0,5.89,1.66,0.13,2.9
2011-11-01,002194,7.86,8.03,8.07,7.8,46267,50873723.0,3.4,1.13,0.09,1.86
2011-11-02,002194,7.85,8.32,8.36,7.79,56461,63223519.0,7.1,3.61,0.29,2.27
2011-11-03,002194,8.34,8.16,8.58,8.16,63034,72095317.0,5.05,-1.92,-0.16,2.53
2011-11-04,002194,8.17,8.21,8.26,8.05,39191,43964015.0,2.57,0.61,0.05,1.57
2011-11-07,002194,8.2,8.05,8.2,8.02,26322,29382966.0,2.19,-1.95,-0.16,1.06
2011-11-08,002194,8.1,7.96,8.18,7.92,23034,25587525.0,3.23,-1.12,-0.09,0.93
2011-11-09,002194,8.06,8.16,8.16,7.93,42361,47161488.0,2.89,2.51,0.2,1.7
2011-11-10,002194,8.06,7.94,8.14,7.92,33536,37217546.0,2.7,-2.7,-0.22,1.35
2011-11-11,002194,7.96,7.94,8.03,7.81,26122,28638628.0,2.77,0.0,0.0,1.05
2011-11-14,002194,8.06,8.14,8.21,8.05,43249,48544598.0,2.02,2.52,0.2,1.74
2011-11-15,002194,8.16,8.16,8.29,8.04,33516,37643951.0,3.07,0.25,0.02,1.35
2011-11-16,002194,8.16,7.87,8.29,7.8,36820,40862400.0,6.0,-3.55,-0.29,1.48
2011-11-17,002194,7.83,7.81,8.06,7.75,22087,24120755.0,3.94,-0.76,-0.06,0.89
2011-11-18,002194,7.64,7.5,7.76,7.45,29202,30741192.0,3.97,-3.97,-0.31,1.17
2011-11-21,002194,7.5,7.66,7.66,7.45,15308,16095143.0,2.8,2.13,0.16,0.62
2011-11-22,002194,7.52,7.52,7.64,7.38,16203,16942205.0,3.39,-1.83,-0.14,0.65
2011-11-23,002194,7.57,7.48,7.6,7.4,14757,15415978.0,2.66,-0.53,-0.04,0.59
2011-11-24,002194,7.41,7.38,7.44,7.19,23967,24482912.0,3.34,-1.34,-0.1,0.96
2011-11-25,002194,7.37,7.2,7.42,7.17,13411,13671110.0,3.39,-2.44,-0.18,0.54
2011-11-28,002194,7.26,7.11,7.26,7.06,11892,11899334.0,2.78,-1.25,-0.09,0.48
2011-11-29,002194,7.21,7.28,7.29,7.12,11567,11697665.0,2.39,2.39,0.17,0.46
2011-11-30,002194,7.27,6.82,7.27,6.77,22292,21888072.0,6.87,-6.32,-0.46,0.9
2011-12-01,002194,7.09,6.97,7.16,6.96,19172,19007346.0,2.93,2.2,0.15,0.77
2011-12-02,002194,6.91,6.77,6.97,6.71,11013,10600347.0,3.73,-2.87,-0.2,0.44
2011-12-05,002194,6.83,6.52,6.83,6.51,10655,9998189.0,4.73,-3.69,-0.25,0.43
2011-12-06,002194,6.54,6.58,6.62,6.47,9004,8382898.0,2.3,0.92,0.06,0.36
2011-12-07,002194,6.58,6.65,6.65,6.54,7569,7097516.0,1.67,1.06,0.07,0.3
2011-12-08,002194,6.56,6.71,6.79,6.5,12416,11733589.0,4.36,0.9,0.06,0.5
2011-12-09,002194,6.66,6.56,6.71,6.53,9239,8656751.0,2.68,-2.24,-0.15,0.37
2011-12-12,002194,6.61,6.34,6.61,6.34,12718,11697973.0,4.12,-3.35,-0.22,0.51
2011-12-13,002194,6.33,6.02,6.35,5.89,16217,14193191.0,7.26,-5.05,-0.32,0.65
2011-12-14,002194,6.01,5.91,6.08,5.9,8756,7545058.0,2.99,-1.83,-0.11,0.35
2011-12-15,002194,5.91,5.9,5.98,5.81,12907,10993832.0,2.88,-0.17,-0.01,0.52
2011-12-16,002194,5.94,6.12,6.13,5.84,13601,11739433.0,4.92,3.73,0.22,0.55
2011-12-19,002194,6.12,6.2,6.21,5.96,14255,12476345.0,4.08,1.31,0.08,0.57
2011-12-20,002194,6.2,6.09,6.32,6.08,12163,10832267.0,3.87,-1.77,-0.11,0.49
2011-12-21,002194,6.14,5.82,6.2,5.81,12223,10644815.0,6.4,-4.43,-0.27,0.49
2011-12-22,002194,5.8,5.71,5.82,5.46,18316,15044814.0,6.19,-1.89,-0.11,0.74
2011-12-23,002194,5.71,5.68,5.81,5.62,14648,12159692.0,3.33,-0.53,-0.03,0.59
2011-12-26,002194,5.71,5.67,5.86,5.65,16405,13706395.0,3.7,-0.18,-0.01,0.66
2011-12-27,002194,5.61,5.5,5.68,5.41,14960,12060785.0,4.76,-3.0,-0.17,0.6
2011-12-28,002194,5.49,5.41,5.54,5.25,13747,10846445.0,5.27,-1.64,-0.09,0.55
2011-12-29,002194,5.37,5.37,5.47,5.33,10833,8602770.0,2.59,-0.74,-0.04,0.44
2011-12-30,002194,5.4,5.43,5.49,5.39,17091,13636482.0,1.86,1.12,0.06,0.69
2012-01-04,002194,5.52,5.41,5.52,5.36,15345,12230763.0,2.95,-0.37,-0.02,0.62
2012-01-05,002194,5.3,4.81,5.35,4.75,26754,19984510.0,11.09,-11.09,-0.6,1.07
2012-01-06,002194,4.71,4.86,4.89,4.69,12011,8651137.0,4.16,1.04,0.05,0.48
2012-01-09,002194,4.86,5.1,5.1,4.75,17193,12776542.0,7.2,4.94,0.24,0.69
2012-01-10,002194,5.11,5.37,5.38,5.08,22994,17826742.0,5.88,5.29,0.27,0.92
2012-01-11,002194,5.37,5.39,5.51,5.29,20347,16124495.0,4.1,0.37,0.02,0.82
2012-01-12,002194,5.31,5.33,5.46,5.31,13525,10665225.0,2.78,-1.11,-0.06,0.54
2012-01-13,002194,5.33,4.98,5.35,4.96,20045,15166083.0,7.32,-6.57,-0.35,0.8
2012-01-16,002194,4.96,4.8,5.09,4.8,8676,6374702.0,5.82,-3.61,-0.18,0.35
2012-01-18,002194,5.4,5.17,5.4,5.02,123628,96733957.0,7.92,7.71,0.37,4.96
2012-01-19,002194,4.96,5.01,5.06,4.79,61109,45063173.0,5.22,-3.09,-0.16,2.45
2012-01-20,002194,5.0,5.04,5.1,4.91,61345,45713409.0,3.79,0.6,0.03,2.46
2012-01-30,002194,5.06,5.06,5.29,4.96,43378,32821828.0,6.55,0.4,0.02,1.74
2012-01-31,002194,5.09,5.17,5.27,4.99,40386,30649206.0,5.53,2.17,0.11,1.62
2012-02-01,002194,5.15,5.23,5.35,5.08,59867,46453781.0,5.22,1.16,0.06,2.4
2012-02-02,002194,5.23,5.3,5.31,5.16,35150,27202651.0,2.87,1.34,0.07,1.41
2012-02-03,002194,5.31,5.42,5.47,5.0,63866,49984304.0,8.87,2.26,0.12,2.56
2012-02-06,002194,5.46,5.56,5.71,5.39,66846,54470663.0,5.9,2.58,0.14,2.68
2012-02-07,002194,5.46,5.34,5.51,5.31,46311,36840470.0,3.6,-3.96,-0.22,1.86
2012-02-08,002194,5.31,5.56,5.56,5.3,38325,30689776.0,4.87,4.12,0.22,1.54
2012-02-09,002194,5.57,5.52,5.72,5.49,53233,43535656.0,4.14,-0.72,-0.04,2.14
2012-02-10,002194,5.55,5.59,5.65,5.33,50415,40833642.0,5.8,1.27,0.07,2.02
2012-02-13,002194,5.51,5.73,5.76,5.46,56432,46611545.0,5.37,2.5,0.14,2.26
2012-02-14,002194,5.73,5.64,5.76,5.58,58900,48453215.0,3.14,-1.57,-0.09,2.36
2012-02-15,002194,5.66,5.81,5.84,5.64,65977,55271074.0,3.55,3.01,0.17,2.65
2012-02-16,002194,5.79,5.83,5.9,5.72,62527,52619692.0,3.1,0.34,0.02,2.51
2012-02-17,002194,5.84,5.71,5.86,5.66,45226,37684697.0,3.43,-2.06,-0.12,1.81
2012-02-20,002194,5.82,5.78,5.98,5.75,80497,68198963.0,4.03,1.23,0.07,3.23
2012-02-21,002194,5.72,5.86,5.86,5.68,51380,43058287.0,3.11,1.38,0.08,2.06
2012-02-22,002194,5.84,6.05,6.08,5.72,71458,61552002.0,6.14,3.24,0.19,2.87
2012-02-23,002194,6.04,5.98,6.2,5.91,57426,49740917.0,4.79,-1.16,-0.07,2.3
2012-02-24,002194,6.0,6.1,6.11,5.95,54593,47424170.0,2.68,2.01,0.12,2.19
2012-02-27,002194,6.04,6.06,6.19,6.04,61822,54388361.0,2.46,-0.66,-0.04,2.48
2012-02-28,002194,5.98,5.91,6.05,5.83,49786,42666080.0,3.63,-2.48,-0.15,2.0
2012-02-29,002194,5.91,5.97,6.11,5.9,59092,51126015.0,3.55,1.02,0.06,2.37
2012-03-01,002194,5.97,6.16,6.23,5.91,64914,56937621.0,5.36,3.18,0.19,2.6
2012-03-02,002194,6.16,6.25,6.25,6.1,51163,45393189.0,2.44,1.46,0.09,2.05
2012-03-05,002194,6.24,6.21,6.27,6.12,43599,38783289.0,2.4,-0.64,-0.04,1.75
2012-03-06,002194,6.16,6.11,6.33,6.06,41177,36327773.0,4.35,-1.61,-0.1,1.65
2012-03-07,002194,6.03,6.09,6.14,5.96,38978,34039780.0,2.95,-0.33,-0.02,1.56
2012-03-08,002194,6.09,6.17,6.25,6.09,41922,37129255.0,2.63,1.31,0.08,1.68
2012-03-09,002194,6.21,6.34,6.38,6.17,63031,56781509.0,3.4,2.76,0.17,2.53
2012-03-12,002194,6.34,6.32,6.36,6.21,36508,32845851.0,2.37,-0.32,-0.02,1.46
2012-03-13,002194,6.33,6.5,6.51,6.26,70921,64802031.0,3.96,2.85,0.18,2.85
2012-03-14,002194,6.5,6.02,6.53,5.91,75594,68423382.0,9.54,-7.38,-0.48,3.03
2012-03-15,002194,5.9,5.68,6.01,5.54,80074,66727518.0,7.81,-5.65,-0.34,3.21
2012-03-16,002194,5.66,5.79,5.79,5.58,58481,48516640.0,3.7,1.94,0.11,2.35
2012-03-19,002194,5.78,5.85,5.87,5.69,43746,36780825.0,3.11,1.04,0.06,1.76
2012-03-20,002194,5.82,5.58,5.82,5.56,38647,31836738.0,4.44,-4.62,-0.27,1.55
2012-03-21,002194,5.58,5.58,5.65,5.5,34541,28101115.0,2.69,0.0,0.0,1.39
2012-03-22,002194,5.61,5.61,5.67,5.55,20763,16959006.0,2.15,0.54,0.03,0.83
2012-03-23,002194,5.58,5.41,5.58,5.39,27642,22142959.0,3.39,-3.57,-0.2,1.11
2012-03-26,002194,5.42,5.42,5.46,5.36,16514,13121523.0,1.85,0.18,0.01,0.66
2012-03-27,002194,5.46,5.42,5.52,5.4,18491,14814083.0,2.21,0.0,0.0,0.74
2012-03-28,002194,5.38,5.11,5.38,5.1,28807,22163348.0,5.17,-5.72,-0.31,1.16
2012-03-29,002194,5.06,5.01,5.16,4.94,16815,12646024.0,4.31,-1.96,-0.1,0.67
2012-03-30,002194,5.01,5.02,5.07,4.96,13196,9850317.0,2.2,0.2,0.01,0.53
2012-04-05,002194,5.04,5.17,5.2,4.99,19967,15181708.0,4.18,2.99,0.15,0.8
2012-04-09,002194,5.16,5.02,5.16,5.01,18288,13779776.0,2.9,-2.9,-0.15,0.73
2012-04-10,002194,5.01,5.09,5.1,4.81,19325,14334023.0,5.78,1.39,0.07,0.78
2012-04-11,002194,5.02,5.1,5.14,4.95,15915,11948677.0,3.73,0.2,0.01,0.64
2012-04-12,002194,5.13,5.28,5.31,5.13,34333,26581943.0,3.53,3.53,0.18,1.38
2012-04-13,002194,5.31,5.39,5.42,5.29,30768,24286975.0,2.46,2.08,0.11,1.23
2012-04-16,002194,5.38,5.41,5.46,5.29,19124,15181412.0,3.15,0.37,0.02,0.77
2012-04-17,002194,5.44,5.75,6.08,5.44,121582,103744486.0,11.83,6.28,0.34,4.88
2012-04-18,002194,5.71,5.76,5.83,5.51,72787,60028954.0,5.57,0.17,0.01,2.92
2012-04-19,002194,5.79,5.67,5.79,5.62,46469,37279453.0,2.95,-1.56,-0.09,1.86
2012-04-20,002194,5.67,5.72,5.75,5.6,34583,27738742.0,2.65,0.88,0.05,1.39
2012-04-23,002194,5.72,5.55,5.75,5.54,32173,25562687.0,3.67,-2.97,-0.17,1.29
2012-04-24,002194,5.45,5.37,5.55,5.18,40646,31016376.0,6.67,-3.24,-0.18,1.63
2012-04-25,002194,5.49,5.45,5.49,5.35,21492,16606155.0,2.61,1.49,0.08,0.86
2012-04-26,002194,5.47,5.45,5.54,5.38,24499,18973832.0,2.94,0.0,0.0,0.98
2012-04-27,002194,5.44,5.27,5.44,5.26,28580,21686491.0,3.3,-3.3,-0.18,1.15
2012-05-02,002194,5.37,5.46,5.52,5.34,33641,26070532.0,3.42,3.61,0.19,1.35
2012-05-03,002194,5.45,5.49,5.53,5.45,18295,14251506.0,1.47,0.55,0.03,0.73
2012-05-04,002194,5.49,5.51,5.57,5.49,25244,19761240.0,1.46,0.36,0.02,1.01
2012-05-07,002194,5.52,5.61,5.62,5.46,25299,19861962.0,2.9,1.81,0.1,1.02
2012-05-08,002194,5.61,5.54,5.64,5.48,25094,19681847.0,2.85,-1.25,-0.07,1.01
2012-05-09,002194,5.51,5.37,5.51,5.33,27053,20793266.0,3.25,-3.07,-0.17,1.09
2012-05-10,002194,5.45,5.5,5.58,5.41,26361,20558297.0,3.17,2.42,0.13,1.06
2012-05-11,002194,5.51,5.41,5.54,5.4,16660,12919503.0,2.55,-1.64,-0.09,0.67
2012-05-14,002194,5.46,5.61,5.62,5.39,43109,33697414.0,4.25,3.7,0.2,1.73
2012-05-15,002194,5.52,5.66,5.73,5.44,42645,33601376.0,5.17,0.89,0.05,1.71
2012-05-16,002194,5.61,5.62,5.71,5.5,32032,25290394.0,3.71,-0.71,-0.04,1.29
2012-05-17,002194,5.57,5.7,5.71,5.52,45121,35899194.0,3.38,1.42,0.08,1.81
2012-05-18,002194,5.64,5.6,5.85,5.6,49738,40112279.0,4.39,-1.75,-0.1,2.0
2012-05-21,002194,5.5,5.33,5.58,5.26,34946,26819933.0,5.71,-4.82,-0.27,1.4
2012-05-22,002194,5.37,5.36,5.43,5.31,17739,13561810.0,2.25,0.56,0.03,0.71
2012-05-23,002194,5.36,5.26,5.4,5.21,24492,18447274.0,3.54,-1.87,-0.1,0.98
2012-05-24,002194,5.22,5.21,5.27,5.18,14989,11208281.0,1.71,-0.95,-0.05,0.6
2012-05-25,002194,5.21,5.13,5.24,5.11,14019,10382221.0,2.5,-1.54,-0.08,0.56
2012-05-28,002194,5.13,5.18,5.19,4.99,13514,9858530.0,3.9,0.97,0.05,0.54
2012-05-29,002194,5.16,5.29,5.3,5.15,18327,13759530.0,2.9,2.12,0.11,0.74
2012-05-30,002194,5.26,5.3,5.36,5.25,14446,10898926.0,2.08,0.19,0.01,0.58
2012-05-31,002194,5.26,5.29,5.33,5.18,11008,8288384.0,2.83,-0.19,-0.01,0.44
2012-06-01,002194,5.29,5.25,5.35,5.22,12601,9509388.0,2.46,-0.76,-0.04,0.51
2012-06-04,002194,5.2,5.02,5.2,5.02,16158,11815248.0,3.43,-4.38,-0.23,0.65
2012-06-05,002194,5.02,4.99,5.07,4.99,9995,7223569.0,1.59,-0.6,-0.03,0.4
2012-06-06,002194,5.01,5.03,5.09,5.0,9099,6598107.0,1.8,0.8,0.04,0.37
2012-06-07,002194,5.11,5.0,5.15,5.0,14247,10377517.0,2.98,-0.6,-0.03,0.57
2012-06-08,002194,5.05,5.06,5.16,5.02,17858,13056608.0,2.8,1.2,0.06,0.72
2012-06-11,002194,5.06,5.16,5.19,5.06,13754,10131097.0,2.57,1.98,0.1,0.55
2012-06-12,002194,5.15,5.11,5.15,5.09,9296,6824413.0,1.16,-0.97,-0.05,0.37
2012-06-13,002194,5.14,5.2,5.2,5.1,12037,8897250.0,1.96,1.76,0.09,0.48
2012-06-14,002194,5.16,5.26,5.31,5.14,24061,17985315.0,3.27,1.15,0.06,0.97
2012-06-15,002194,5.26,5.21,5.3,5.18,21323,15997502.0,2.28,-0.95,-0.05,0.86
2012-06-18,002194,5.25,5.21,5.27,5.16,12508,9335059.0,2.11,0.0,0.0,0.5
2012-06-19,002194,5.21,5.14,5.26,5.12,10449,7751053.0,2.69,-1.34,-0.07,0.42
2012-06-20,002194,5.17,5.26,5.29,5.16,20578,15426579.0,2.53,2.33,0.12,0.83
2012-06-21,002194,5.25,5.05,5.25,5.04,17148,12570999.0,3.99,-3.99,-0.21,0.69
2012-06-25,002194,5.04,4.8,5.08,4.79,17223,12236571.0,5.74,-4.95,-0.25,0.69
2012-06-26,002194,4.84,4.84,4.89,4.76,8706,6078246.0,2.71,0.83,0.04,0.35
2012-06-27,002194,4.82,4.8,4.9,4.79,9048,6338121.0,2.27,-0.83,-0.04,0.36
2012-06-28,002194,4.82,4.63,4.86,4.63,11047,7611579.0,4.79,-3.54,-0.17,0.44
2012-06-29,002194,4.62,4.66,4.68,4.55,18539,12510352.0,2.81,0.65,0.03,0.74
2012-07-02,002194,4.7,4.67,4.76,4.67,10599,7256353.0,1.93,0.21,0.01,0.44
2012-07-03,002194,4.67,4.66,4.75,4.62,12951,8848465.0,2.78,-0.21,-0.01,0.53
2012-07-04,002194,4.64,4.7,4.71,4.64,11513,7850607.0,1.5,0.86,0.04,0.47
2012-07-05,002194,4.67,4.42,4.67,4.42,16032,10557347.0,5.32,-5.96,-0.28,0.66
2012-07-06,002194,4.46,4.54,4.56,4.21,24737,16032103.0,7.92,2.71,0.12,1.02
2012-07-09,002194,4.44,4.32,4.48,4.32,15782,10240211.0,3.52,-4.85,-0.22,0.65
2012-07-10,002194,4.3,4.35,4.44,4.27,13757,8863069.0,3.94,0.69,0.03,0.57
2012-07-11,002194,4.32,4.37,4.38,4.25,8686,5561435.0,2.99,0.46,0.02,0.36
2012-07-12,002194,4.38,4.39,4.46,4.27,13175,8487308.0,4.35,0.46,0.02,0.54
2012-07-13,002194,4.36,4.37,4.44,4.33,9289,6008847.0,2.51,-0.46,-0.02,0.38
2012-07-16,002194,4.37,4.07,4.37,4.06,15461,9595215.0,7.09,-6.86,-0.3,0.64
2012-07-17,002194,4.08,4.08,4.12,4.0,10897,6623596.0,2.95,0.25,0.01,0.45
2012-07-18,002194,4.1,4.11,4.11,4.01,7687,4665095.0,2.45,0.74,0.03,0.32
2012-07-19,002194,4.1,4.18,4.25,4.07,13558,8439940.0,4.38,1.7,0.07,0.56
2012-07-20,002194,4.15,4.17,4.21,4.14,9992,6214375.0,1.67,-0.24,-0.01,0.41
2012-07-23,002194,4.14,4.19,4.22,4.06,9498,5865377.0,3.84,0.48,0.02,0.39
2012-07-24,002194,4.15,4.27,4.3,4.1,13405,8428746.0,4.77,1.91,0.08,0.55
2012-07-25,002194,4.25,4.2,4.28,4.18,6895,4329259.0,2.34,-1.64,-0.07,0.28
2012-07-26,002194,4.2,4.15,4.26,4.14,5769,3608083.0,2.86,-1.19,-0.05,0.24
2012-07-27,002194,4.16,4.16,4.24,4.13,5578,3457704.0,2.65,0.24,0.01,0.23
2012-07-30,002194,4.16,4.05,4.22,4.0,8085,4925069.0,5.29,-2.64,-0.11,0.33
2012-07-31,002194,4.04,3.91,4.04,3.87,7748,4579079.0,4.2,-3.46,-0.14,0.32
2012-08-01,002194,3.96,3.96,4.01,3.9,8342,4971773.0,2.81,1.28,0.05,0.34
2012-08-02,002194,3.98,3.92,4.01,3.91,5640,3357444.0,2.53,-1.01,-0.04,0.23
2012-08-03,002194,3.91,4.03,4.05,3.91,10597,6345815.0,3.57,2.81,0.11,0.44
2012-08-06,002194,4.01,4.13,4.13,3.97,9129,5554196.0,3.97,2.48,0.1,0.38
2012-08-07,002194,4.12,4.19,4.2,4.06,11885,7356056.0,3.39,1.45,0.06,0.49
2012-08-08,002194,4.17,4.17,4.22,4.14,8809,5467900.0,1.91,-0.48,-0.02,0.36
2012-08-09,002194,4.16,4.21,4.22,4.12,9723,6051319.0,2.4,0.96,0.04,0.4
2012-08-10,002194,4.21,4.21,4.24,4.17,10577,6617408.0,1.66,0.0,0.0,0.44
2012-08-13,002194,4.21,4.04,4.21,4.04,11117,6823392.0,4.04,-4.04,-0.17,0.46
2012-08-14,002194,4.04,4.13,4.14,3.97,11096,6711102.0,4.21,2.23,0.09,0.46
2012-08-15,002194,4.08,4.06,4.11,4.05,6986,4252450.0,1.45,-1.69,-0.07,0.29
2012-08-16,002194,4.06,4.06,4.15,4.03,7510,4583474.0,2.96,0.0,0.0,0.31
2012-08-17,002194,4.06,4.09,4.11,4.02,6650,4049353.0,2.22,0.74,0.03,0.27
2012-08-20,002194,4.11,4.17,4.18,4.02,8829,5403839.0,3.91,1.96,0.08,0.36
2012-08-21,002194,4.16,4.31,4.35,4.16,31279,19844960.0,4.56,3.36,0.14,1.29
2012-08-22,002194,4.29,4.28,4.48,4.23,30828,19802321.0,5.8,-0.7,-0.03,1.27
2012-08-23,002194,4.25,4.33,4.33,4.18,23035,14548132.0,3.5,1.17,0.05,0.95
2012-08-24,002194,4.29,4.14,4.32,4.14,12970,8108792.0,4.16,-4.39,-0.19,0.53
2012-08-27,002194,4.16,3.99,4.16,3.99,12362,7499863.0,4.11,-3.62,-0.15,0.51
2012-08-28,002194,4.0,4.06,4.09,3.99,8660,5246447.0,2.51,1.75,0.07,0.36
2012-08-29,002194,4.08,4.16,4.21,4.06,13257,8192906.0,3.69,2.46,0.1,0.55
2012-08-30,002194,4.14,4.05,4.21,3.98,11928,7290358.0,5.53,-2.64,-0.11,0.49
2012-08-31,002194,4.06,4.1,4.13,4.04,6881,4190521.0,2.22,1.23,0.05,0.28
2012-09-03,002194,4.09,4.16,4.2,4.05,11008,6808606.0,3.66,1.46,0.06,0.45
2012-09-04,002194,4.19,4.15,4.24,4.14,15664,9782380.0,2.4,-0.24,-0.01,0.64
2012-09-05,002194,4.16,4.26,4.33,4.1,21857,13756460.0,5.54,2.65,0.11,0.9
2012-09-06,002194,4.25,4.32,4.33,4.22,17084,10842628.0,2.58,1.41,0.06,0.7
2012-09-07,002194,4.35,4.45,4.53,4.33,42386,27668544.0,4.63,3.01,0.13,1.75
2012-09-10,002194,4.45,4.46,4.5,4.41,22883,14978942.0,2.02,0.22,0.01,0.94
2012-09-11,002194,4.46,4.58,4.71,4.4,53855,36101870.0,6.95,2.69,0.12,2.22
2012-09-12,002194,4.61,4.58,4.77,4.51,55737,37680008.0,5.68,0.0,0.0,2.29
2012-09-13,002194,4.56,4.41,4.69,4.41,30131,19997124.0,6.11,-3.71,-0.17,1.24
2012-09-14,002194,4.46,4.41,4.51,4.36,23851,15531344.0,3.4,0.0,0.0,0.98
2012-09-17,002194,4.46,4.25,4.47,4.24,18159,11600411.0,5.22,-3.63,-0.16,0.75
2012-09-18,002194,4.25,4.24,4.28,4.16,16350,10255967.0,2.82,-0.24,-0.01,0.67
2012-09-19,002194,4.29,4.39,4.47,4.25,24700,15982432.0,5.19,3.54,0.15,1.02
2012-09-20,002194,4.35,4.17,4.38,4.16,20412,12880875.0,5.01,-5.01,-0.22,0.84
2012-09-21,002194,4.11,4.09,4.22,4.07,13790,8486164.0,3.6,-1.92,-0.08,0.57
2012-09-24,002194,4.07,4.11,4.14,4.0,9766,5930545.0,3.42,0.49,0.02,0.4
2012-09-25,002194,4.08,4.06,4.13,4.03,6028,3670462.0,2.43,-1.22,-0.05,0.25
2012-09-26,002194,4.05,4.0,4.11,4.0,9348,5655749.0,2.71,-1.48,-0.06,0.38
2012-09-27,002194,3.99,4.13,4.15,3.94,14649,8921247.0,5.25,3.25,0.13,0.6
2012-09-28,002194,4.1,4.18,4.2,4.08,13875,8578274.0,2.91,1.21,0.05,0.57
2012-10-08,002194,4.16,4.12,4.21,4.11,9207,5678244.0,2.39,-1.44,-0.06,0.38
2012-10-09,002194,4.16,4.26,4.26,4.12,15749,9853123.0,3.4,3.4,0.14,0.65
2012-10-10,002194,4.26,4.34,4.36,4.25,16008,10184734.0,2.58,1.88,0.08,0.66
2012-10-11,002194,4.34,4.23,4.36,4.22,15521,9827538.0,3.23,-2.53,-0.11,0.64
2012-10-12,002194,4.23,4.21,4.31,4.15,14695,9228917.0,3.78,-0.47,-0.02,0.61
2012-10-15,002194,4.16,4.1,4.16,4.02,15471,9440117.0,3.33,-2.61,-0.11,0.64
2012-10-16,002194,4.07,4.11,4.16,4.07,8026,4932194.0,2.2,0.24,0.01,0.33
2012-10-17,002194,4.11,4.08,4.14,4.05,10347,6320885.0,2.19,-0.73,-0.03,0.43
2012-10-18,002194,4.11,4.18,4.21,4.1,11785,7306098.0,2.7,2.45,0.1,0.49
2012-10-19,002194,4.19,4.19,4.25,4.17,10459,6530248.0,1.91,0.24,0.01,0.43
2012-10-22,002194,4.18,4.21,4.23,4.12,8941,5573761.0,2.63,0.48,0.02,0.37
2012-10-23,002194,4.21,4.36,4.61,4.15,49102,31639016.0,10.93,3.56,0.15,2.02
2012-10-24,002194,4.29,4.51,4.58,4.26,73962,48463123.0,7.34,3.44,0.15,3.05
2012-10-25,002194,4.44,4.31,4.51,4.31,39701,25784019.0,4.43,-4.43,-0.2,1.63
2012-10-26,002194,4.33,4.15,4.36,4.14,21554,13501052.0,5.1,-3.71,-0.16,0.89
2012-10-29,002194,4.16,4.06,4.16,4.04,16087,9816850.0,2.89,-2.17,-0.09,0.66
2012-10-30,002194,4.08,4.09,4.12,4.04,8764,5345664.0,1.97,0.74,0.03,0.36
2012-10-31,002194,4.11,4.07,4.11,4.03,9708,5907160.0,1.96,-0.49,-0.02,0.4
2012-11-01,002194,4.07,4.14,4.17,4.07,12313,7595650.0,2.46,1.72,0.07,0.51
2012-11-02,002194,4.16,4.18,4.18,4.12,10057,6220801.0,1.45,0.97,0.04,0.41
2012-11-05,002194,4.18,4.13,4.19,4.11,12219,7534101.0,1.91,-1.2,-0.05,0.5
2012-11-06,002194,4.12,4.08,4.13,4.01,15368,9331688.0,2.91,-1.21,-0.05,0.63
2012-11-07,002194,4.09,4.07,4.11,4.04,7920,4821404.0,1.72,-0.25,-0.01,0.33
2012-11-08,002194,4.01,3.93,4.01,3.92,11948,7124750.0,2.21,-3.44,-0.14,0.49
2012-11-09,002194,3.93,3.96,3.96,3.88,7670,4530067.0,2.04,0.76,0.03,0.32
2012-11-12,002194,3.97,3.98,4.0,3.94,4477,2671299.0,1.52,0.51,0.02,0.18
2012-11-13,002194,3.96,3.89,4.0,3.88,5950,3515921.0,3.02,-2.26,-0.09,0.24
2012-11-14,002194,3.88,3.91,3.94,3.85,5348,3142872.0,2.31,0.51,0.02,0.22
2012-11-15,002194,3.87,3.8,3.9,3.8,4773,2778401.0,2.56,-2.81,-0.11,0.2
2012-11-16,002194,3.76,3.71,3.78,3.68,7757,4390127.0,2.63,-2.37,-0.09,0.32
2012-11-19,002194,3.71,3.74,3.75,3.68,4114,2331684.0,1.89,0.81,0.03,0.17
2012-11-20,002194,3.75,3.73,3.78,3.71,5679,3232531.0,1.87,-0.27,-0.01,0.23
2012-11-21,002194,3.71,3.79,3.79,3.65,9098,5166621.0,3.75,1.61,0.06,0.37
2012-11-22,002194,3.78,3.7,3.78,3.68,5801,3282202.0,2.64,-2.37,-0.09,0.24
2012-11-23,002194,3.7,3.71,3.75,3.7,4716,2672798.0,1.35,0.27,0.01,0.19
2012-11-26,002194,3.72,3.64,3.73,3.64,5248,2942726.0,2.43,-1.89,-0.07,0.22
2012-11-27,002194,3.62,3.41,3.64,3.41,11993,6474640.0,6.32,-6.32,-0.23,0.49
2012-11-28,002194,3.36,3.27,3.39,3.26,8629,4460594.0,3.81,-4.11,-0.14,0.36
2012-11-29,002194,3.26,3.26,3.31,3.24,5274,2711693.0,2.14,-0.31,-0.01,0.22
2012-11-30,002194,3.26,3.31,3.34,3.25,6335,3270344.0,2.76,1.53,0.05,0.26
2012-12-03,002194,3.29,3.16,3.31,3.15,5794,2942843.0,4.83,-4.53,-0.15,0.24
2012-12-04,002194,3.16,3.21,3.21,3.04,10305,5093703.0,5.38,1.58,0.05,0.42
2012-12-05,002194,3.2,3.35,3.38,3.18,12673,6576280.0,6.23,4.36,0.14,0.52
2012-12-06,002194,3.34,3.35,3.42,3.31,8865,4642440.0,3.28,0.0,0.0,0.36
2012-12-07,002194,3.34,3.44,3.45,3.3,12911,6815398.0,4.48,2.69,0.09,0.53
2012-12-10,002194,3.42,3.49,3.51,3.42,15522,8339377.0,2.62,1.45,0.05,0.64
2012-12-11,002194,3.48,3.46,3.53,3.41,14464,7765378.0,3.44,-0.86,-0.03,0.6
2012-12-12,002194,3.39,3.41,3.47,3.34,11094,5859190.0,3.76,-1.45,-0.05,0.46
2012-12-13,002194,3.4,3.29,3.41,3.29,9318,4855104.0,3.52,-3.52,-0.12,0.38
2012-12-14,002194,3.26,3.49,3.51,3.26,21333,11370212.0,7.6,6.08,0.2,0.88
2012-12-17,002194,3.47,3.54,3.56,3.46,18858,10227558.0,2.87,1.43,0.05,0.78
2012-12-18,002194,3.53,3.52,3.62,3.48,14325,7840503.0,3.95,-0.56,-0.02,0.59
2012-12-19,002194,3.52,3.55,3.61,3.51,13021,7140741.0,2.84,0.85,0.03,0.54
2012-12-20,002194,3.54,3.56,3.59,3.48,14021,7641492.0,3.1,0.28,0.01,0.58
2012-12-21,002194,3.56,3.55,3.62,3.51,15334,8410680.0,3.09,-0.28,-0.01,0.63
2012-12-24,002194,3.52,3.69,3.69,3.52,24567,13629713.0,4.79,3.94,0.14,1.01
2012-12-25,002194,3.72,3.83,3.83,3.63,31323,17905824.0,5.42,3.79,0.14,1.29
2012-12-26,002194,3.81,4.11,4.19,3.77,86926,51887259.0,10.97,7.31,0.28,3.58
2012-12-27,002194,4.05,4.0,4.16,3.97,56896,34478546.0,4.62,-2.68,-0.11,2.34
2012-12-28,002194,3.96,4.03,4.11,3.92,51452,31122675.0,4.75,0.75,0.03,2.12
2012-12-31,002194,4.02,4.06,4.21,3.95,72174,43958775.0,6.45,0.74,0.03,2.82
2013-01-04,002194,4.06,3.91,4.09,3.89,32938,19562653.0,4.93,-3.69,-0.15,1.29
2013-01-07,002194,3.91,4.02,4.06,3.86,54769,32814559.0,5.12,2.81,0.11,2.14
2013-01-08,002194,4.03,4.2,4.21,3.91,68285,41675026.0,7.46,4.48,0.18,2.67
2013-01-09,002194,4.18,4.47,4.66,4.11,115779,74206162.0,13.1,6.43,0.27,4.53
2013-01-10,002194,4.4,4.38,4.48,4.31,44494,28712368.0,3.8,-2.01,-0.09,1.74
2013-01-11,002194,4.37,4.34,4.41,4.27,40091,25697658.0,3.2,-0.91,-0.04,1.57
2013-01-14,002194,4.33,4.42,4.46,4.26,122755,79277671.0,4.61,1.84,0.08,4.8
2013-01-15,002194,4.41,4.46,4.46,4.3,70511,45434949.0,3.62,0.9,0.04,2.76
2013-01-16,002194,4.41,4.31,4.43,4.25,34633,22229544.0,4.04,-3.36,-0.15,1.35
2013-01-17,002194,4.3,4.16,4.31,4.15,26154,16327484.0,3.71,-3.48,-0.15,1.02
2013-01-18,002194,4.16,4.22,4.24,4.16,23146,14445883.0,1.92,1.44,0.06,0.91
2013-01-21,002194,4.25,4.19,4.25,4.15,28538,17768735.0,2.37,-0.71,-0.03,1.12
2013-01-22,002194,4.19,4.09,4.22,4.08,27224,16840952.0,3.34,-2.39,-0.1,1.07
2013-01-23,002194,4.07,4.14,4.16,4.01,23207,14151413.0,3.67,1.22,0.05,0.91
2013-01-24,002194,4.14,4.0,4.2,3.96,29278,17903695.0,5.8,-3.38,-0.14,1.15
2013-01-25,002194,3.92,3.91,4.02,3.89,17524,10412987.0,3.25,-2.25,-0.09,0.69
2013-01-28,002194,3.94,4.05,4.05,3.91,20240,12147735.0,3.58,3.58,0.14,0.79
2013-01-29,002194,4.04,4.11,4.17,4.04,21042,12892643.0,3.21,1.48,0.06,0.82
2013-01-30,002194,4.11,4.09,4.15,4.08,19170,11764001.0,1.7,-0.49,-0.02,0.75
2013-01-31,002194,4.12,4.08,4.13,4.06,13227,8081741.0,1.71,-0.24,-0.01,0.52
2013-02-01,002194,4.1,4.11,4.16,4.0,17507,10729011.0,3.92,0.74,0.03,0.68
2013-02-04,002194,4.15,4.07,4.21,4.01,13433,8203228.0,4.87,-0.97,-0.04,0.53
2013-02-05,002194,4.02,4.08,4.09,4.01,12971,7852036.0,1.97,0.25,0.01,0.51
2013-02-06,002194,4.06,4.12,4.14,4.06,10656,6541112.0,1.96,0.98,0.04,0.42
2013-02-07,002194,4.11,4.08,4.12,4.05,12127,7387017.0,1.7,-0.97,-0.04,0.47
2013-02-08,002194,4.06,4.16,4.19,4.05,24091,14887804.0,3.43,1.96,0.08,0.94
2013-02-18,002194,4.21,4.21,4.29,4.19,22933,14383961.0,2.4,1.2,0.05,0.9
2013-02-19,002194,4.21,4.26,4.37,4.16,45653,29012503.0,4.99,1.19,0.05,1.79
2013-02-20,002194,4.29,4.38,4.38,4.21,31659,20148606.0,3.99,2.82,0.12,1.24
2013-02-21,002194,4.33,4.28,4.44,4.21,38919,24890878.0,5.25,-2.28,-0.1,1.52
2013-02-22,002194,4.36,4.11,4.36,4.08,35583,22276468.0,6.54,-3.97,-0.17,1.39
2013-02-25,002194,4.08,4.14,4.16,4.08,23004,14116386.0,1.95,0.73,0.03,0.9
2013-02-26,002194,4.12,4.06,4.15,4.02,18336,11215128.0,3.14,-1.93,-0.08,0.72
2013-02-27,002194,4.06,4.04,4.13,4.0,21579,13098464.0,3.2,-0.49,-0.02,0.84
2013-02-28,002194,4.04,4.15,4.16,4.03,20460,12534359.0,3.22,2.72,0.11,0.8
2013-03-01,002194,4.19,4.25,4.28,4.15,33344,20900390.0,3.13,2.41,0.1,1.3
2013-03-04,002194,4.22,4.11,4.33,4.09,36456,22897767.0,5.65,-3.29,-0.14,1.43
2013-03-05,002194,4.11,4.25,4.26,4.09,24537,15255889.0,4.14,3.41,0.14,0.96
2013-03-06,002194,4.25,4.42,4.52,4.25,60246,39170358.0,6.35,4.0,0.17,2.36
2013-03-07,002194,4.43,4.36,4.45,4.27,46384,29898203.0,4.07,-1.36,-0.06,1.81
2013-03-08,002194,4.46,4.52,4.83,4.45,89858,60587835.0,8.72,3.67,0.16,3.52
2013-03-11,002194,4.54,4.48,4.64,4.43,45778,30352728.0,4.65,-0.88,-0.04,1.79
2013-03-12,002194,4.46,4.24,4.56,4.21,42068,27045763.0,7.81,-5.36,-0.24,1.65
2013-03-13,002194,4.25,4.16,4.27,4.08,23685,14634402.0,4.48,-1.89,-0.08,0.93
2013-03-14,002194,4.16,4.22,4.23,4.1,18822,11707674.0,3.13,1.44,0.06,0.74
2013-03-15,002194,4.22,4.75,4.75,4.16,101091,67553265.0,13.98,12.56,0.53,3.95
2013-03-18,002194,4.83,4.79,4.96,4.61,163636,114011356.0,7.37,0.84,0.04,6.4
2013-03-19,002194,4.75,4.95,5.23,4.71,180254,130035263.0,10.86,3.34,0.16,7.05
2013-03-20,002194,4.91,5.01,5.06,4.77,127238,90219799.0,5.86,1.21,0.06,4.98
2013-03-21,002194,4.96,5.06,5.14,4.92,117496,85040369.0,4.39,1.0,0.05,4.6
2013-03-22,002194,4.99,4.86,5.01,4.84,75642,53542002.0,3.36,-3.95,-0.2,2.96
2013-03-25,002194,4.86,4.91,4.92,4.77,60956,42767540.0,3.09,1.03,0.05,2.38
2013-03-26,002194,4.86,4.96,4.96,4.71,81056,57045407.0,5.09,1.02,0.05,3.17
2013-03-27,002194,4.94,4.93,5.03,4.81,56799,40323420.0,4.44,-0.6,-0.03,2.22
2013-03-28,002194,4.85,4.59,4.85,4.59,46065,31466066.0,5.27,-6.9,-0.34,1.8
2013-03-29,002194,4.59,4.51,4.73,4.51,38532,25935463.0,4.79,-1.74,-0.08,1.51
2013-04-01,002194,4.5,4.59,4.69,4.5,32225,21757730.0,4.21,1.77,0.08,1.26
2013-04-02,002194,4.56,4.4,4.64,4.39,43083,28396029.0,5.45,-4.14,-0.19,1.69
2013-04-03,002194,4.37,4.27,4.46,4.2,34834,22111856.0,5.91,-2.95,-0.13,1.36
2013-04-08,002194,4.21,4.33,4.33,4.06,37996,23639023.0,6.32,1.41,0.06,1.49
2013-04-09,002194,4.33,4.42,4.5,4.29,42171,27365609.0,4.85,2.08,0.09,1.65
2013-04-10,002194,4.41,4.43,4.5,4.28,35239,22824973.0,4.98,0.23,0.01,1.38
2013-04-11,002194,4.41,4.44,4.62,4.41,45853,30361318.0,4.74,0.23,0.01,1.79
2013-04-12,002194,4.41,4.26,4.41,4.23,33431,21285585.0,4.05,-4.05,-0.18,1.31
2013-04-15,002194,4.19,4.29,4.32,4.16,19248,12097170.0,3.76,0.7,0.03,0.75
2013-04-16,002194,4.26,4.44,4.46,4.18,21686,13921487.0,6.53,3.5,0.15,0.85
2013-04-17,002194,4.44,4.44,4.51,4.37,21065,13773967.0,3.15,0.0,0.0,0.82
2013-04-18,002194,4.5,4.44,4.5,4.39,14992,9790348.0,2.48,0.0,0.0,0.59
2013-04-19,002194,4.42,4.54,4.56,4.42,31078,20547525.0,3.15,2.25,0.1,1.22
2013-04-22,002194,4.5,4.64,4.69,4.5,48063,32470160.0,4.19,2.2,0.1,1.88
2013-04-23,002194,4.61,4.49,4.66,4.44,33980,22558228.0,4.74,-3.23,-0.15,1.33
2013-04-24,002194,4.55,4.72,4.79,4.49,54948,37343073.0,6.68,5.12,0.23,2.15
2013-04-25,002194,4.67,4.64,4.86,4.61,64103,44254121.0,5.3,-1.69,-0.08,2.51
2013-04-26,002194,4.59,4.22,4.61,4.19,52916,34128845.0,9.05,-9.05,-0.42,2.07
2013-05-02,002194,4.16,4.29,4.33,4.13,16347,10329094.0,4.74,1.66,0.07,0.64
2013-05-03,002194,4.29,4.35,4.41,4.26,21390,13782812.0,3.5,1.4,0.06,0.84
2013-05-06,002194,4.37,4.88,4.88,4.36,73582,51097591.0,11.95,12.18,0.53,2.88
2013-05-07,002194,5.01,4.8,5.05,4.76,112597,79137281.0,5.94,-1.64,-0.08,4.4
2013-05-08,002194,4.76,4.89,4.96,4.75,80219,56622124.0,4.38,1.88,0.09,3.14
2013-05-09,002194,4.86,5.32,5.48,4.78,205966,153403808.0,14.31,8.79,0.43,8.06
2013-05-10,002194,5.25,5.22,5.45,5.18,84249,63463313.0,5.08,-1.88,-0.1,3.3
2013-05-13,002194,5.16,5.31,5.46,5.11,80602,61095000.0,6.7,1.72,0.09,3.15
2013-05-14,002194,5.24,5.18,5.3,4.96,71983,52828739.0,6.4,-2.45,-0.13,2.82
2013-05-15,002194,5.15,5.24,5.25,5.05,46613,34471585.0,3.86,1.16,0.06,1.82
2013-05-16,002194,5.26,5.25,5.46,5.16,87756,66787540.0,5.73,0.19,0.01,3.43
2013-05-17,002194,5.15,5.51,5.63,5.06,121787,93043206.0,10.86,4.95,0.26,4.76
2013-05-20,002194,5.5,5.6,5.75,5.46,115985,92161713.0,5.26,1.63,0.09,4.54
2013-05-21,002194,5.44,5.66,5.72,5.44,75197,59503149.0,5.0,1.07,0.06,2.94
2013-05-22,002194,5.71,5.41,5.71,5.37,69642,54381373.0,6.01,-4.42,-0.25,2.72
2013-05-23,002194,5.38,5.33,5.52,5.26,50978,39149727.0,4.81,-1.48,-0.08,1.99
2013-05-24,002194,5.33,5.58,5.59,5.33,57918,45102718.0,4.88,4.69,0.25,2.27
2013-05-27,002194,5.58,5.53,5.61,5.41,45949,35868061.0,3.58,-0.9,-0.05,1.8
2013-05-28,002194,5.53,5.35,5.56,5.22,45360,34584722.0,6.15,-3.25,-0.18,1.77
2013-05-29,002194,5.35,5.4,5.42,5.28,33705,25694587.0,2.62,0.93,0.05,1.32
2013-05-30,002194,5.38,5.49,5.5,5.31,40661,31303756.0,3.52,1.67,0.09,1.59
2013-05-31,002194,5.48,5.38,5.56,5.38,43722,33935696.0,3.28,-2.0,-0.11,1.71
2013-06-03,002194,5.34,5.16,5.41,5.15,41351,31049492.0,4.83,-4.09,-0.22,1.62
2013-06-04,002194,5.13,5.03,5.22,4.96,31597,23107037.0,5.04,-2.52,-0.13,1.24
2013-06-05,002194,5.02,5.11,5.11,5.0,15842,11531412.0,2.19,1.59,0.08,0.62
2013-06-06,002194,5.08,5.04,5.1,4.96,18927,13702121.0,2.74,-1.37,-0.07,0.74
2013-06-07,002194,5.01,4.93,5.09,4.91,18574,13374033.0,3.57,-2.18,-0.11,0.73
2013-06-13,002194,4.91,4.69,4.91,4.52,19514,13323080.0,7.91,-4.87,-0.24,0.76
2013-06-14,002194,4.69,4.87,4.9,4.69,19852,13907685.0,4.48,3.84,0.18,0.78
2013-06-17,002194,4.87,4.94,5.04,4.79,23291,16675759.0,5.13,1.44,0.07,0.91
2013-06-18,002194,4.94,5.08,5.11,4.91,26471,19147625.0,4.05,2.83,0.14,1.04
2013-06-19,002194,5.03,4.99,5.03,4.88,19354,13844727.0,2.95,-1.77,-0.09,0.76
2013-06-20,002194,4.98,4.76,5.09,4.76,22293,15904849.0,6.61,-4.61,-0.23,0.87
2013-06-21,002194,4.69,4.64,4.76,4.52,20556,13906824.0,5.04,-2.52,-0.12,0.8
2013-06-24,002194,4.75,4.32,4.81,4.07,27584,18170278.0,15.95,-6.9,-0.32,1.08
2013-06-25,002194,4.44,4.69,4.7,3.86,45240,29267174.0,19.44,8.56,0.37,1.77
2013-06-26,002194,4.66,4.87,4.91,4.52,52382,36284980.0,8.32,3.84,0.18,2.05
2013-06-27,002194,4.86,4.68,4.92,4.61,37802,26264259.0,6.37,-3.9,-0.19,1.48
2013-06-28,002194,4.58,4.56,4.77,4.41,26527,17846076.0,7.69,-2.56,-0.12,1.04
2013-07-01,002194,4.58,4.7,4.7,4.42,18626,12435478.0,6.14,3.07,0.14,0.87
2013-07-02,002194,4.7,4.83,4.83,4.62,25430,17573633.0,4.47,2.77,0.13,1.19
2013-07-03,002194,4.86,4.91,4.95,4.65,39262,27467120.0,6.21,1.66,0.08,1.83
2013-07-04,002194,4.96,5.02,5.12,4.88,55502,39364061.0,4.89,2.24,0.11,2.59
2013-07-05,002194,5.03,4.84,5.06,4.83,26016,18184557.0,4.58,-3.59,-0.18,1.21
2013-07-08,002194,4.77,4.42,4.77,4.41,33721,21897997.0,7.44,-8.68,-0.42,1.57
2013-07-09,002194,4.37,4.41,4.49,4.34,22604,14358582.0,3.39,-0.23,-0.01,1.06
2013-07-10,002194,4.41,4.52,4.52,4.31,41591,26395237.0,4.76,2.49,0.11,1.94
2013-07-11,002194,4.54,4.6,4.68,4.47,40243,26394991.0,4.65,1.77,0.08,1.88
2013-07-12,002194,4.59,4.61,4.74,4.55,31755,21047846.0,4.13,0.22,0.01,1.48
2013-07-15,002194,4.72,4.75,4.85,4.71,55797,37822024.0,3.04,3.04,0.14,2.6
2013-07-16,002194,4.71,4.84,4.86,4.66,39718,27057869.0,4.21,1.89,0.09,1.85
2013-07-17,002194,4.84,4.97,5.1,4.77,91074,63909572.0,6.82,2.69,0.13,4.25
2013-07-18,002194,4.91,5.21,5.36,4.81,99498,71321048.0,11.07,4.83,0.24,4.64
2013-07-19,002194,5.18,5.12,5.26,4.96,73031,52476232.0,5.76,-1.73,-0.09,3.41
2013-07-22,002194,5.16,5.51,5.51,5.1,102424,76955868.0,8.01,7.62,0.39,4.78
2013-07-23,002194,5.51,5.56,5.62,5.37,100123,76569022.0,4.54,0.91,0.05,4.67
2013-07-24,002194,5.48,5.47,5.52,5.28,85982,64937364.0,4.32,-1.62,-0.09,4.01
2013-07-25,002194,5.44,5.18,5.46,5.12,69758,51435377.0,6.22,-5.3,-0.29,3.26
2013-07-26,002194,5.16,5.31,5.34,4.96,52179,38263694.0,7.34,2.51,0.13,2.44
2013-07-29,002194,5.29,5.2,5.42,5.14,33175,24431339.0,5.27,-2.07,-0.11,1.55
2013-07-30,002194,5.2,5.09,5.24,4.98,39443,28195973.0,5.0,-2.12,-0.11,1.84
2013-07-31,002194,5.12,5.25,5.36,5.09,46759,34409331.0,5.3,3.14,0.16,2.18
2013-08-01,002194,5.26,5.46,5.48,5.21,59860,45043434.0,5.14,4.0,0.21,2.79
2013-08-02,002194,5.51,5.5,5.74,5.41,99262,77031917.0,6.04,0.73,0.04,4.63
2013-08-05,002194,5.49,5.45,5.62,5.38,57984,44199192.0,4.36,-0.91,-0.05,2.71
2013-08-06,002194,5.44,5.56,5.67,5.41,60658,46905804.0,4.77,2.02,0.11,2.83
2013-08-07,002194,5.55,5.21,5.66,5.21,90088,67935727.0,8.09,-6.29,-0.35,4.21
2013-08-08,002194,5.19,5.3,5.36,5.13,42222,31106929.0,4.41,1.73,0.09,1.97
2013-08-09,002194,5.3,5.3,5.36,5.16,36164,26686675.0,3.77,0.0,0.0,1.69
2013-08-12,002194,5.25,5.26,5.45,5.19,65056,47976066.0,4.91,-0.75,-0.04,3.04
2013-08-13,002194,5.23,5.26,5.31,5.2,32109,23611366.0,2.09,0.0,0.0,1.5
2013-08-14,002194,5.28,5.45,5.45,5.26,93476,70103219.0,3.61,3.61,0.19,4.36
2013-08-15,002194,5.69,6.08,6.08,5.69,82554,68443175.0,7.16,11.56,0.63,3.85
2013-08-16,002194,6.37,5.77,6.51,5.71,349048,294591808.0,13.16,-5.1,-0.31,16.29
2013-08-19,002194,5.61,6.44,6.44,5.54,125194,104895701.0,15.6,11.61,0.67,5.84
2013-08-20,002194,7.11,7.17,7.17,6.96,184465,176962767.0,3.26,11.34,0.73,8.61
2013-08-21,002194,7.26,7.71,7.95,7.17,544002,553450848.0,10.88,7.53,0.54,25.39
2013-08-22,002194,7.46,7.58,7.64,7.31,278224,278679632.0,4.28,-1.69,-0.13,12.99
2013-08-23,002194,7.46,7.36,7.53,7.08,224184,220811541.0,5.94,-2.9,-0.22,10.46
2013-08-26,002194,7.21,7.34,7.44,7.18,172594,170026896.0,3.53,-0.27,-0.02,8.06
2013-08-27,002194,7.29,7.69,7.81,7.15,276906,278949616.0,8.99,4.77,0.35,12.93
2013-08-28,002194,7.46,7.23,7.46,7.17,187096,184217874.0,3.77,-5.98,-0.46,8.73
2013-08-29,002194,7.11,7.09,7.38,6.98,126613,122504594.0,5.53,-1.94,-0.14,5.91
2013-08-30,002194,7.14,6.69,7.32,6.56,165546,154475938.0,10.72,-5.64,-0.4,7.73
2013-09-02,002194,6.62,6.86,6.99,6.49,96962,89220841.0,7.47,2.54,0.17,4.53
2013-09-03,002194,6.83,6.89,6.98,6.66,89722,83010798.0,4.66,0.44,0.03,4.19
2013-09-04,002194,6.85,6.72,6.86,6.67,83174,76068404.0,2.76,-2.47,-0.17,3.88
2013-09-05,002194,6.77,7.2,7.29,6.69,180439,170849462.0,8.93,7.14,0.48,8.42
2013-09-06,002194,7.11,7.13,7.28,6.96,113852,109173151.0,4.44,-0.97,-0.07,5.31
2013-09-09,002194,7.14,7.07,7.25,6.86,124005,117601744.0,5.47,-0.84,-0.06,5.79
2013-09-10,002194,7.0,6.9,7.17,6.87,94351,88991776.0,4.24,-2.4,-0.17,4.4
2013-09-11,002194,6.86,6.41,6.86,6.37,132922,118349304.0,7.1,-7.1,-0.49,6.2
2013-09-12,002194,6.41,6.48,6.59,6.34,70132,62030064.0,3.9,1.09,0.07,3.27
2013-09-13,002194,6.45,6.66,6.69,6.22,124484,109828414.0,7.25,2.78,0.18,5.81
2013-09-16,002194,6.59,6.71,6.81,6.46,92045,83338357.0,5.26,0.75,0.05,4.3
2013-09-17,002194,6.71,6.45,6.81,6.44,85698,77691566.0,5.51,-3.87,-0.26,4.0
2013-09-18,002194,6.39,6.55,6.58,6.3,53742,47120208.0,4.34,1.55,0.1,2.51
2013-09-23,002194,6.57,6.76,6.86,6.51,83105,76030539.0,5.34,3.21,0.21,3.88
2013-09-24,002194,6.77,6.77,6.85,6.67,71787,65741293.0,2.66,0.15,0.01,3.35
2013-09-25,002194,6.78,6.73,7.03,6.72,79530,73660734.0,4.58,-0.59,-0.04,3.71
2013-09-26,002194,6.68,6.39,6.74,6.38,61103,54471473.0,5.35,-5.05,-0.34,2.85
2013-09-27,002194,6.4,6.42,6.56,6.38,30492,26808600.0,2.82,0.47,0.03,1.42
2013-09-30,002194,6.54,6.61,6.66,6.48,34246,30624710.0,2.8,2.96,0.19,1.6
2013-10-08,002194,6.59,7.15,7.27,6.49,130963,123270082.0,11.8,8.17,0.54,6.11
2013-10-09,002194,7.16,7.26,7.41,7.12,148333,144814731.0,4.06,1.54,0.11,6.92
2013-10-10,002194,7.23,7.17,7.37,7.05,106762,103599661.0,4.41,-1.24,-0.09,4.98
2013-10-11,002194,7.2,7.27,7.5,7.2,98776,97469155.0,4.18,1.39,0.1,4.61
2013-10-14,002194,7.21,7.17,7.28,7.05,79377,76541613.0,3.16,-1.38,-0.1,3.71
2013-10-15,002194,7.17,7.36,7.46,6.97,135848,132780511.0,6.83,2.65,0.19,6.34
2013-10-16,002194,7.3,6.9,7.3,6.85,86722,82176052.0,6.11,-6.25,-0.46,4.05
2013-10-17,002194,6.93,6.75,7.08,6.73,52126,48898275.0,5.07,-2.17,-0.15,2.43
2013-10-18,002194,6.78,6.92,6.93,6.66,41331,38319621.0,4.0,2.52,0.17,1.93
2013-10-21,002194,6.99,7.16,7.18,6.95,63970,61378089.0,3.32,3.47,0.24,2.99
2013-10-22,002194,7.16,6.94,7.17,6.89,61929,58497035.0,3.91,-3.07,-0.22,2.89
2013-10-23,002194,6.96,6.61,6.98,6.53,71523,64833241.0,6.48,-4.76,-0.33,3.34
2013-10-24,002194,6.54,6.57,6.67,6.53,28382,25444670.0,2.12,-0.61,-0.04,1.32
2013-10-25,002194,6.66,6.58,6.8,6.46,48134,43453615.0,5.18,0.15,0.01,2.25
2013-10-28,002194,6.58,6.05,6.62,5.96,55740,46982226.0,10.03,-8.05,-0.53,2.6
2013-10-29,002194,6.09,5.65,6.12,5.36,55960,44339311.0,12.56,-6.61,-0.4,2.61
2013-10-30,002194,5.66,5.75,5.75,5.54,31397,24556278.0,3.72,1.77,0.1,1.47
2013-10-31,002194,5.72,5.61,5.72,5.59,21782,17045803.0,2.26,-2.43,-0.14,1.02
2013-11-01,002194,5.62,5.63,5.66,5.42,22723,17467991.0,4.28,0.36,0.02,1.06
2013-11-04,002194,5.58,5.69,5.77,5.57,23292,18324910.0,3.55,1.07,0.06,1.09
2013-11-05,002194,5.66,5.86,5.86,5.56,32416,25857028.0,5.27,2.99,0.17,1.51
2013-11-06,002194,5.8,5.81,5.97,5.76,32218,26157383.0,3.58,-0.85,-0.05,1.5
2013-11-07,002194,5.78,5.64,5.78,5.63,20862,16483542.0,2.58,-2.93,-0.17,0.97
2013-11-08,002194,5.51,5.52,5.64,5.44,22831,17518584.0,3.55,-2.13,-0.12,1.07
2013-11-11,002194,5.48,5.6,5.66,5.48,12671,9824443.0,3.26,1.45,0.08,0.59
2013-11-12,002194,5.67,6.02,6.25,5.67,63655,52911383.0,10.36,7.5,0.42,2.97
2013-11-13,002194,5.94,6.06,6.31,5.88,75495,63646450.0,7.14,0.66,0.04,3.52
2013-11-14,002194,5.96,6.2,6.22,5.89,49650,41569994.0,5.45,2.31,0.14,2.32
2013-11-15,002194,6.15,6.3,6.37,6.11,71975,61747092.0,4.19,1.61,0.1,3.36
2013-11-18,002194,6.33,6.45,6.48,6.21,67852,58926875.0,4.29,2.38,0.15,3.17
2013-11-19,002194,6.33,6.43,6.51,6.31,50641,44119113.0,3.1,-0.31,-0.02,2.36
2013-11-20,002194,6.45,6.82,7.04,6.45,110421,101855027.0,9.18,6.07,0.39,5.15
2013-11-21,002194,6.79,7.09,7.33,6.67,160705,153670540.0,9.68,3.96,0.27,7.5
2013-11-22,002194,7.02,6.93,7.04,6.79,90656,84430316.0,3.53,-2.26,-0.16,4.23
2013-11-25,002194,6.86,6.7,6.94,6.67,61706,56721957.0,3.9,-3.32,-0.23,2.88
2013-11-26,002194,6.62,6.79,6.86,6.6,43250,39765867.0,3.88,1.34,0.09,2.02
2013-11-27,002194,6.8,7.24,7.25,6.73,100977,95751144.0,7.66,6.63,0.45,4.71
2013-11-28,002194,7.35,7.06,7.62,7.05,165799,162962843.0,7.87,-2.49,-0.18,7.74
2013-11-29,002194,6.96,7.21,7.25,6.94,79560,76120151.0,4.39,2.12,0.15,3.71
2013-12-02,002194,6.83,6.48,7.07,6.41,86808,79111419.0,9.15,-10.12,-0.73,4.05
2013-12-03,002194,6.4,6.86,6.86,6.4,66195,60271021.0,7.1,5.86,0.38,3.09
2013-12-04,002194,6.87,7.22,7.33,6.87,111975,107954027.0,6.71,5.25,0.36,5.23
2013-12-05,002194,7.55,7.0,7.66,6.98,172820,169733054.0,9.42,-3.05,-0.22,8.07
2013-12-06,002194,6.86,6.76,6.87,6.67,60469,55433655.0,2.86,-3.43,-0.24,2.82
2013-12-09,002194,6.83,6.78,6.86,6.72,36059,33099175.0,2.07,0.3,0.02,1.68
2013-12-10,002194,6.75,6.62,6.78,6.56,60005,54025837.0,3.24,-2.36,-0.16,2.8
2013-12-11,002194,6.62,6.56,6.62,6.49,30067,26742977.0,1.96,-0.91,-0.06,1.4
2013-12-12,002194,6.48,6.65,6.71,6.48,34120,30821739.0,3.51,1.37,0.09,1.59
2013-12-13,002194,6.61,6.66,6.74,6.55,28836,26102129.0,2.86,0.15,0.01,1.35
2013-12-16,002194,6.63,6.37,6.66,6.36,37050,32689955.0,4.5,-4.35,-0.29,1.73
2013-12-17,002194,6.37,6.38,6.47,6.29,23482,20440700.0,2.83,0.16,0.01,1.1
2013-12-18,002194,6.37,6.36,6.46,6.33,15731,13727952.0,2.04,-0.31,-0.02,0.73
2013-12-19,002194,6.38,6.36,6.49,6.31,17284,15066044.0,2.83,0.0,0.0,0.81
2013-12-20,002194,6.35,6.16,6.36,6.14,30958,26333087.0,3.46,-3.14,-0.2,1.45
2013-12-23,002194,6.09,6.01,6.16,5.87,19257,15914352.0,4.71,-2.44,-0.15,0.9
2013-12-24,002194,6.0,6.1,6.17,5.96,17174,14385324.0,3.49,1.5,0.09,0.8
2013-12-25,002194,6.15,6.17,6.18,6.06,18288,15379453.0,1.97,1.15,0.07,0.85
2013-12-26,002194,6.14,5.91,6.2,5.9,22722,18893052.0,4.86,-4.21,-0.26,1.06
2013-12-27,002194,5.96,6.18,6.26,5.92,27691,23212412.0,5.75,4.57,0.27,1.29
2013-12-30,002194,6.21,6.36,6.37,6.21,26855,23138167.0,2.59,2.91,0.18,1.25
2013-12-31,002194,6.36,6.31,6.41,6.26,19081,16524525.0,2.36,-0.79,-0.05,0.62
2014-01-02,002194,6.26,6.51,6.56,6.23,30847,27129407.0,5.23,3.17,0.2,1.0
2014-01-03,002194,6.46,6.44,6.5,6.31,27107,23692188.0,2.92,-1.08,-0.07,0.88
2014-01-06,002194,6.44,6.01,6.44,6.01,26763,22548411.0,6.68,-6.68,-0.43,0.86
2014-01-07,002194,6.01,6.05,6.1,5.92,12928,10711646.0,3.0,0.67,0.04,0.42
2014-01-08,002194,6.05,6.16,6.18,6.03,17135,14385586.0,2.48,1.82,0.11,0.55
2014-01-09,002194,6.15,5.91,6.2,5.87,16173,13531994.0,5.36,-4.06,-0.25,0.52
2014-01-10,002194,5.86,5.8,5.99,5.78,15319,12406289.0,3.55,-1.86,-0.11,0.49
2014-01-13,002194,5.75,5.66,5.86,5.59,14208,11242991.0,4.66,-2.41,-0.14,0.46
2014-01-14,002194,5.69,5.91,5.91,5.69,17436,13987011.0,3.89,4.42,0.25,0.56
2014-01-15,002194,5.95,5.94,5.95,5.86,15770,12839364.0,1.52,0.51,0.03,0.51
2014-01-16,002194,5.96,6.01,6.09,5.89,19741,16355406.0,3.37,1.18,0.07,0.64
2014-01-17,002194,6.0,6.02,6.11,5.97,18583,15413933.0,2.33,0.17,0.01,0.6
2014-01-20,002194,5.98,5.88,6.03,5.79,15020,12260626.0,3.99,-2.33,-0.14,0.49
2014-01-21,002194,5.89,6.07,6.08,5.89,16097,13331091.0,3.23,3.23,0.19,0.52
2014-01-22,002194,6.16,6.37,6.37,6.09,39102,33621854.0,4.61,4.94,0.3,1.26
2014-01-23,002194,6.36,6.41,6.5,6.3,37247,32675441.0,3.14,0.63,0.04,1.2
2014-01-24,002194,6.36,6.51,6.58,6.35,36187,31944395.0,3.59,1.56,0.1,1.17
2014-01-27,002194,6.46,6.49,6.65,6.39,37846,33680256.0,3.99,-0.31,-0.02,1.22
2014-01-28,002194,6.48,6.41,6.63,6.38,26837,23760838.0,3.85,-1.23,-0.08,0.87
2014-01-29,002194,6.43,6.81,6.83,6.37,76760,69527957.0,7.18,6.24,0.4,2.48
2014-01-30,002194,6.77,6.73,6.78,6.67,33939,30948468.0,1.62,-1.17,-0.08,1.1
2014-02-07,002194,6.61,6.92,6.97,6.53,70047,64225709.0,6.54,2.82,0.19,2.26
2014-02-10,002194,6.87,7.11,7.16,6.86,78438,74240657.0,4.34,2.75,0.19,2.53
2014-02-11,002194,7.04,7.11,7.23,6.88,98376,93634358.0,4.92,0.0,0.0,3.18
2014-02-12,002194,7.07,7.02,7.1,6.92,58025,54835773.0,2.53,-1.27,-0.09,1.87
2014-02-13,002194,7.19,6.81,7.26,6.77,87301,82878590.0,6.98,-2.99,-0.21,2.82
2014-02-14,002194,6.81,6.95,6.97,6.76,46291,43060794.0,3.08,2.06,0.14,1.5
2014-02-17,002194,6.95,7.73,7.73,6.95,225511,228717137.0,11.22,11.22,0.78,7.28
2014-02-18,002194,7.85,8.06,8.15,7.68,325889,343764496.0,6.08,4.27,0.33,10.53
2014-02-19,002194,7.93,7.96,8.36,7.84,197307,212919201.0,6.45,-1.24,-0.1,6.37
2014-02-20,002194,7.97,7.75,8.16,7.55,112470,117095761.0,7.66,-2.64,-0.21,3.63
2014-02-21,002194,7.79,7.79,7.86,7.44,88126,89953732.0,5.42,0.52,0.04,2.85
2014-02-24,002194,7.67,8.26,8.29,7.56,137414,146921493.0,9.37,6.03,0.47,4.44
2014-02-25,002194,8.21,7.5,8.36,7.35,145106,152479390.0,12.23,-9.2,-0.76,4.69
2014-02-26,002194,7.45,7.36,7.45,7.04,77541,75700886.0,5.47,-1.87,-0.14,2.5
2014-02-27,002194,7.46,7.37,7.69,7.25,84107,84423400.0,5.98,0.14,0.01,2.72
2014-02-28,002194,7.37,7.21,7.45,6.91,69304,66849925.0,7.33,-2.17,-0.16,2.24
2014-03-03,002194,7.2,7.41,7.41,7.16,64891,63441467.0,3.47,2.77,0.2,2.1
2014-03-04,002194,7.34,7.31,7.36,7.08,61635,60042321.0,3.78,-1.35,-0.1,1.99
2014-03-05,002194,7.33,7.26,7.39,7.25,54333,53420377.0,1.92,-0.68,-0.05,1.75
2014-03-06,002194,7.17,7.16,7.27,6.96,56402,54115047.0,4.27,-1.38,-0.1,1.82
2014-03-07,002194,7.16,7.04,7.27,7.02,41089,39431400.0,3.49,-1.68,-0.12,1.33
2014-03-10,002194,6.91,6.48,6.91,6.47,60051,54405783.0,6.25,-7.95,-0.56,1.94
2014-03-11,002194,6.47,6.52,6.65,6.44,35005,31146680.0,3.24,0.62,0.04,1.13
2014-03-12,002194,6.44,6.49,6.6,6.36,25106,22119669.0,3.68,-0.46,-0.03,0.81
2014-03-13,002194,6.47,6.61,6.63,6.41,27046,24085671.0,3.39,1.85,0.12,0.87
2014-03-14,002194,6.55,6.75,6.76,6.5,38930,35291544.0,3.93,2.12,0.14,1.26
2014-03-17,002194,6.73,6.91,6.92,6.68,34137,31570497.0,3.56,2.37,0.16,1.1
2014-03-18,002194,6.91,6.84,7.01,6.83,32922,30692393.0,2.6,-1.01,-0.07,1.06
2014-03-19,002194,6.85,6.94,6.97,6.79,27600,25754936.0,2.63,1.46,0.1,0.89
2014-03-20,002194,6.95,6.61,6.95,6.61,29160,26940057.0,4.9,-4.76,-0.33,0.94
2014-03-21,002194,6.47,6.82,6.92,6.46,38113,34535076.0,6.96,3.18,0.21,1.23
2014-03-24,002194,6.89,7.09,7.11,6.82,45635,43257214.0,4.25,3.96,0.27,1.47
2014-03-25,002194,7.06,7.13,7.24,6.96,43519,41793617.0,3.95,0.56,0.04,1.41
2014-03-26,002194,7.12,7.14,7.16,7.03,19432,18553137.0,1.82,0.14,0.01,0.63
2014-03-27,002194,7.13,6.93,7.16,6.92,21464,20378999.0,3.36,-2.94,-0.21,0.69
2014-03-28,002194,6.97,6.99,7.29,6.87,47204,45293128.0,6.06,0.87,0.06,1.52
2014-03-31,002194,7.04,7.26,7.27,7.04,51243,49578462.0,3.29,3.86,0.27,1.66
2014-04-01,002194,7.29,7.57,7.6,7.23,94339,94574994.0,5.1,4.27,0.31,3.05
2014-04-02,002194,7.63,7.51,7.67,7.38,59624,59728862.0,3.83,-0.79,-0.06,1.93
2014-04-03,002194,7.46,7.86,7.94,7.46,116018,120438706.0,6.39,4.66,0.35,3.75
2014-04-04,002194,7.84,7.86,7.91,7.68,74735,77978488.0,2.93,0.0,0.0,2.41
2014-04-08,002194,7.73,7.64,7.77,7.5,64940,66392132.0,3.44,-2.8,-0.22,2.1
2014-04-09,002194,7.64,7.75,7.81,7.56,46139,47381108.0,3.27,1.44,0.11,1.49
2014-04-10,002194,7.72,7.49,7.78,7.48,57403,58565119.0,3.87,-3.35,-0.26,1.85
2014-04-11,002194,7.45,7.57,7.66,7.37,46811,47269134.0,3.87,1.07,0.08,1.51
2014-04-14,002194,7.55,7.53,7.68,7.47,33992,34379746.0,2.77,-0.53,-0.04,1.1
2014-04-15,002194,7.46,7.56,7.65,7.46,30626,30982685.0,2.52,0.4,0.03,0.99
2014-04-16,002194,7.53,7.26,7.57,7.21,53775,52951444.0,4.76,-3.97,-0.3,1.74
2014-04-17,002194,7.29,7.27,7.36,7.21,26319,25765111.0,2.07,0.14,0.01,0.85
2014-04-18,002194,7.26,7.36,7.37,7.17,28482,27985140.0,2.75,1.24,0.09,0.92
2014-04-21,002194,7.26,7.13,7.33,7.13,32587,31625699.0,2.72,-3.13,-0.23,1.05
2014-04-22,002194,7.13,7.93,7.93,7.11,94918,96164784.0,11.5,11.22,0.8,3.07
2014-04-23,002194,8.06,7.96,8.19,7.75,158739,168331929.0,5.55,0.38,0.03,5.13
2014-04-24,002194,8.05,8.06,8.28,7.91,167911,181441229.0,4.65,1.26,0.1,5.42
2014-04-25,002194,7.96,7.58,7.97,7.56,111154,115500372.0,5.09,-5.96,-0.48,3.59
2014-04-28,002194,7.46,6.75,7.47,6.74,107241,100648108.0,9.63,-10.95,-0.83,3.46
2014-04-29,002194,6.66,6.91,6.99,6.6,56560,52513612.0,5.78,2.37,0.16,1.83
2014-04-30,002194,6.92,7.01,7.18,6.88,45553,43306003.0,4.34,1.45,0.1,1.47
2014-05-05,002194,7.05,7.17,7.26,7.04,41614,40122008.0,3.14,2.28,0.16,1.34
2014-05-06,002194,7.18,7.22,7.39,7.06,57158,55942709.0,4.6,0.7,0.05,1.85
2014-05-07,002194,7.13,8.03,8.03,7.05,153958,160290092.0,13.57,11.22,0.81,4.97
2014-05-08,002194,8.06,8.0,8.27,7.86,214420,229973953.0,5.11,-0.37,-0.03,6.93
2014-05-09,002194,7.87,7.96,8.16,7.67,130300,137298235.0,6.13,-0.5,-0.04,4.21
2014-05-12,002194,7.94,8.31,8.56,7.87,218452,239473652.0,8.67,4.4,0.35,7.06
2014-05-13,002194,8.16,8.71,8.83,8.1,225884,253955450.0,8.78,4.81,0.4,7.3
2014-05-14,002194,8.58,8.52,9.08,8.46,238461,275720528.0,7.12,-2.18,-0.19,7.7
2014-05-15,002194,8.45,8.32,8.66,8.23,151049,169504415.0,5.05,-2.35,-0.2,4.88
2014-05-16,002194,8.24,9.24,9.24,8.08,230152,264656587.0,13.94,11.06,0.92,7.43
2014-05-19,002194,9.29,9.01,9.7,8.91,320194,388080592.0,8.55,-2.49,-0.23,10.34
2014-05-20,002194,9.0,9.26,9.41,8.86,215766,259500781.0,6.1,2.77,0.25,6.97
2014-05-21,002194,9.08,9.02,9.17,8.82,134991,159790204.0,3.78,-2.59,-0.24,4.36
2014-05-22,002194,8.96,8.81,9.33,8.77,169332,200927937.0,6.21,-2.33,-0.21,5.47
2014-05-23,002194,8.71,8.81,8.81,8.45,159479,181434615.0,4.09,0.0,0.0,5.15
2014-05-26,002194,8.73,9.29,9.29,8.67,195156,232897275.0,7.04,5.45,0.48,6.3
2014-05-27,002194,9.21,9.02,9.33,8.96,128499,154028642.0,3.98,-2.91,-0.27,4.15
2014-05-28,002194,8.97,9.26,9.32,8.72,150419,179480420.0,6.65,2.66,0.24,4.86
2014-05-29,002194,9.26,8.56,9.3,8.51,154157,181171667.0,8.53,-7.56,-0.7,4.98
2014-05-30,002194,8.52,8.61,8.86,8.39,95075,109113802.0,5.49,0.58,0.05,3.07
2014-06-03,002194,8.54,8.68,8.86,8.54,78399,90106793.0,3.72,0.81,0.07,2.53
2014-06-04,002194,8.61,8.33,8.67,8.23,87346,97026567.0,5.07,-4.03,-0.35,2.82
2014-06-05,002194,8.41,8.65,8.66,8.36,82108,92205003.0,3.6,3.84,0.32,2.65
2014-06-06,002194,8.64,8.84,8.87,8.54,89481,101938786.0,3.82,2.2,0.19,2.89
2014-06-09,002194,8.82,8.65,8.93,8.65,68529,78683535.0,3.17,-2.15,-0.19,2.21
2014-06-10,002194,8.56,8.94,8.94,8.37,97008,110547785.0,6.59,3.35,0.29,3.13
2014-06-11,002194,8.87,9.14,9.33,8.83,144496,171294389.0,5.59,2.24,0.2,4.67
2014-06-12,002194,9.08,9.06,9.16,8.93,80131,94474133.0,2.52,-0.88,-0.08,2.59
2014-06-13,002194,8.98,9.45,9.66,8.95,161677,196878953.0,7.84,4.3,0.39,5.22
2014-06-16,002194,9.46,9.49,9.61,9.33,110921,136302923.0,2.96,0.42,0.04,3.58
2014-06-17,002194,9.42,9.04,9.57,9.03,112914,136085977.0,5.69,-4.74,-0.45,3.65
2014-06-18,002194,8.97,8.73,9.15,8.67,85811,99714535.0,5.31,-3.43,-0.31,2.77
2014-06-19,002194,8.71,8.44,8.81,8.26,88689,99040711.0,6.3,-3.32,-0.29,2.86
2014-06-20,002194,8.4,8.56,8.58,8.4,40455,45214113.0,2.13,1.42,0.12,1.31
2014-06-23,002194,8.66,8.91,9.11,8.57,87330,101403276.0,6.31,4.09,0.35,2.82
2014-06-24,002194,8.91,8.96,9.08,8.76,64896,75728342.0,3.59,0.56,0.05,2.1
2014-06-25,002194,8.96,8.82,9.06,8.75,53913,62574194.0,3.46,-1.56,-0.14,1.74
2014-06-26,002194,8.82,9.14,9.25,8.82,103540,122639794.0,4.88,3.63,0.32,3.34
2014-06-27,002194,9.17,10.13,10.13,9.06,203643,255764767.0,11.71,10.83,0.99,6.58
2014-06-30,002194,10.5,9.83,10.52,9.77,241709,314220416.0,7.4,-2.96,-0.3,7.8
2014-07-01,002194,9.81,10.04,10.31,9.8,168374,219019217.0,5.19,2.14,0.21,5.43
2014-07-02,002194,9.9,10.06,10.12,9.82,113463,146736515.0,2.99,0.2,0.02,3.66
2014-07-03,002194,9.99,9.94,10.08,9.81,91583,117940793.0,2.68,-1.19,-0.12,2.96
2014-07-04,002194,10.01,9.81,10.01,9.71,72139,91869457.0,3.02,-1.31,-0.13,2.33
2014-07-07,002194,9.73,10.13,10.16,9.72,98106,127081953.0,4.49,3.26,0.32,3.17
2014-07-08,002194,10.06,10.19,10.31,9.87,90064,117779173.0,4.34,0.59,0.06,2.91
2014-07-09,002194,10.04,9.69,10.26,9.69,99344,127909483.0,5.59,-4.91,-0.5,3.21
2014-07-10,002194,9.68,9.83,10.0,9.54,73352,93370263.0,4.75,1.44,0.14,2.37
2014-07-11,002194,9.71,9.83,10.11,9.71,66157,85260696.0,4.07,0.0,0.0,2.14
2014-07-14,002194,9.94,10.18,10.58,9.89,99602,131842044.0,7.02,3.56,0.35,3.21
2014-07-15,002194,10.18,10.0,10.36,9.87,79876,104478652.0,4.81,-1.77,-0.18,2.58
2014-07-16,002194,10.0,9.77,10.2,9.72,58320,74907973.0,4.8,-2.3,-0.23,1.88
2014-07-17,002194,9.71,9.86,9.9,9.62,48525,61487424.0,2.87,0.92,0.09,1.57
2014-07-18,002194,9.82,9.76,9.92,9.62,42561,54057382.0,3.04,-1.01,-0.1,1.37
2014-07-21,002194,9.69,9.33,9.78,9.28,63860,78641181.0,5.12,-4.41,-0.43,2.06
2014-07-22,002194,9.33,9.61,9.64,9.31,41483,51198781.0,3.54,3.0,0.28,1.34
2014-07-23,002194,9.53,9.31,9.64,9.26,51447,63101058.0,3.95,-3.12,-0.3,1.66
2014-07-24,002194,9.29,9.33,9.43,9.06,44665,53823219.0,3.97,0.21,0.02,1.44
2014-07-25,002194,9.35,9.58,9.62,9.29,36411,44827066.0,3.54,2.68,0.25,1.18
2014-07-28,002194,9.62,9.77,9.77,9.51,57447,71877752.0,2.71,1.98,0.19,1.85
2014-07-29,002194,10.0,10.06,10.46,9.94,146308,192162522.0,5.32,2.97,0.29,4.72
2014-07-30,002194,9.95,10.06,10.16,9.86,71824,92950614.0,2.98,0.0,0.0,2.32
2014-07-31,002194,10.07,10.03,10.08,9.89,45220,58478166.0,1.89,-0.3,-0.03,1.46
2014-08-01,002194,9.98,9.71,10.12,9.71,59058,75808347.0,4.09,-3.19,-0.32,1.91
2014-08-04,002194,9.72,9.87,9.9,9.72,36402,46388160.0,1.85,1.65,0.16,1.17
2014-08-05,002194,9.87,9.91,9.91,9.64,49816,63194870.0,2.74,0.41,0.04,1.61
2014-08-06,002194,9.86,9.86,9.94,9.71,39099,49895378.0,2.32,-0.5,-0.05,1.26
2014-08-07,002194,9.86,9.88,10.09,9.81,72066,93177653.0,2.84,0.2,0.02,2.33
2014-08-08,002194,9.91,9.98,10.05,9.86,43948,56737763.0,1.92,1.01,0.1,1.42
2014-08-11,002194,10.02,10.09,10.11,9.92,67643,88007245.0,1.9,1.1,0.11,2.18
2014-08-12,002194,10.14,10.26,10.29,10.05,99202,130836524.0,2.38,1.68,0.17,3.2
2014-08-13,002194,10.25,10.06,10.32,9.96,73495,96238943.0,3.51,-1.95,-0.2,2.37
2014-08-14,002194,10.04,9.79,10.08,9.77,69764,89407005.0,3.08,-2.68,-0.27,2.25
2014-08-15,002194,9.79,9.91,9.98,9.69,45503,58189434.0,2.96,1.23,0.12,1.47
2014-08-18,002194,9.92,10.13,10.16,9.89,63877,82905376.0,2.72,2.22,0.22,2.06
2014-08-19,002194,10.21,10.09,10.22,9.9,72516,94203364.0,3.16,-0.39,-0.04,2.34
2014-08-20,002194,10.05,9.97,10.11,9.96,57174,74298223.0,1.49,-1.19,-0.12,1.85
2014-08-21,002194,9.91,9.91,9.98,9.66,60914,77615102.0,3.21,-0.6,-0.06,1.97
2014-08-22,002194,10.09,10.41,10.77,10.0,230080,308941184.0,7.77,5.05,0.5,7.43
2014-08-25,002194,10.38,10.13,10.46,10.08,86463,114319708.0,3.65,-2.69,-0.28,2.79
2014-08-26,002194,10.02,9.76,10.03,9.71,83168,106028833.0,3.16,-3.65,-0.37,2.68
2014-08-27,002194,9.74,9.76,9.86,9.68,45572,57709025.0,1.84,0.0,0.0,1.47
2014-08-28,002194,9.82,9.41,9.82,9.39,63498,78876396.0,4.41,-3.59,-0.35,2.05
2014-08-29,002194,9.37,9.56,9.57,9.37,28438,35177406.0,2.13,1.59,0.15,0.92
2014-09-01,002194,9.56,9.8,9.83,9.56,39006,49280160.0,2.82,2.51,0.24,1.26
2014-09-02,002194,9.81,9.96,9.97,9.76,63491,81401816.0,2.14,1.63,0.16,2.05
2014-09-03,002194,9.99,10.01,10.08,9.91,61713,79897603.0,1.71,0.5,0.05,1.99
2014-09-04,002194,10.07,10.16,10.38,10.07,104852,138871315.0,3.1,1.5,0.15,3.38
2014-09-05,002194,10.18,10.11,10.27,9.98,66195,86373145.0,2.85,-0.49,-0.05,2.14
2014-09-09,002194,10.12,10.14,10.18,9.92,71007,92297202.0,2.57,0.3,0.03,2.29
2014-09-10,002194,10.11,10.03,10.11,9.96,59460,77168481.0,1.48,-1.08,-0.11,1.92
2014-09-11,002194,10.0,10.25,10.41,9.98,135075,179155890.0,4.29,2.19,0.22,4.36
2014-09-12,002194,10.21,10.5,10.57,10.14,131385,176218190.0,4.2,2.44,0.25,4.24
2014-09-15,002194,10.49,10.66,10.75,10.41,117038,159695465.0,3.24,1.52,0.16,3.78
2014-09-16,002194,10.68,10.04,10.68,9.94,125009,166073858.0,6.94,-5.82,-0.62,4.03
2014-09-17,002194,9.99,9.93,10.11,9.72,65429,84189655.0,3.88,-1.1,-0.11,2.11
2014-09-18,002194,9.94,10.02,10.06,9.87,44812,57895926.0,1.91,0.91,0.09,1.45
2014-09-19,002194,10.01,10.06,10.07,9.91,39898,51735673.0,1.6,0.4,0.04,1.29
2014-09-22,002194,10.04,9.77,10.05,9.67,58837,74711525.0,3.78,-2.88,-0.29,1.9
2014-09-23,002194,9.73,9.86,9.91,9.69,38585,49180956.0,2.25,0.92,0.09,1.25
2014-09-24,002194,9.83,10.06,10.13,9.71,57891,74901537.0,4.26,2.03,0.2,1.87
2014-09-25,002194,10.12,10.01,10.26,10.0,61935,81054463.0,2.58,-0.5,-0.05,2.0
2014-09-26,002194,9.94,9.92,9.99,9.86,47806,61382700.0,1.3,-0.9,-0.09,1.54
2014-09-29,002194,9.96,10.31,10.31,9.95,107445,141850193.0,3.63,3.93,0.39,3.47
2014-09-30,002194,10.31,10.31,10.36,10.18,65846,87348440.0,1.75,0.0,0.0,2.13
2014-10-08,002194,10.31,10.42,10.47,10.23,83592,111968537.0,2.33,1.07,0.11,2.7
2014-10-09,002194,10.46,10.3,10.46,10.14,82375,109525927.0,3.07,-1.15,-0.12,2.66
2014-10-10,002194,10.25,10.86,11.32,10.22,256034,357844672.0,10.68,5.44,0.56,8.26
2014-10-13,002194,10.81,11.11,11.11,10.59,155124,216238159.0,4.79,2.3,0.25,5.01
2014-10-14,002194,11.0,11.02,11.22,10.83,117907,167231693.0,3.51,-0.81,-0.09,3.81
2014-10-15,002194,10.96,11.28,11.32,10.8,126391,180525833.0,4.72,2.36,0.26,4.08
2014-10-16,002194,11.12,10.7,11.43,10.7,147941,211408808.0,6.47,-5.14,-0.58,4.78
2014-10-17,002194,10.59,10.36,10.68,10.22,88895,119660991.0,4.3,-3.18,-0.34,2.87
2014-10-20,002194,10.36,10.54,10.6,10.36,50519,68484389.0,2.32,1.74,0.18,1.63
2014-10-21,002194,10.53,10.27,10.59,10.27,48075,64634689.0,3.04,-2.56,-0.27,1.55
2014-10-22,002194,10.29,10.29,10.49,10.17,50581,67684029.0,3.12,0.19,0.02,1.63
2014-10-23,002194,10.26,10.21,10.44,10.06,48742,64602599.0,3.69,-0.78,-0.08,1.57
2014-10-24,002194,10.21,10.38,10.42,10.15,39736,52990594.0,2.64,1.67,0.17,1.28
2014-10-27,002194,10.36,10.54,10.54,10.26,42929,58040186.0,2.7,1.54,0.16,1.39
2014-10-28,002194,10.58,10.86,10.96,10.58,80646,112033960.0,3.61,3.04,0.32,2.6
2014-10-29,002194,11.01,10.86,11.05,10.74,101495,141850168.0,2.85,0.0,0.0,3.28
2014-10-30,002194,10.86,10.91,11.16,10.78,83790,118125489.0,3.5,0.46,0.05,2.7
2014-10-31,002194,10.96,10.71,11.01,10.58,79943,110816460.0,3.94,-1.83,-0.2,2.58
2014-11-03,002194,10.75,10.78,10.84,10.63,61994,85680101.0,1.96,0.65,0.07,2.0
2014-11-04,002194,10.79,10.46,10.83,10.43,72393,98732617.0,3.71,-2.97,-0.32,2.34
2014-11-05,002194,10.44,10.61,10.61,10.29,55164,74700579.0,3.06,1.43,0.15,1.78
2014-11-06,002194,10.57,10.62,10.67,10.36,50932,69134430.0,2.92,0.09,0.01,1.64
2014-11-07,002194,10.62,10.52,10.75,10.51,61916,84899065.0,2.26,-0.94,-0.1,2.0
2014-11-10,002194,10.54,10.62,10.62,10.36,45761,61794593.0,2.47,0.95,0.1,1.48
2014-11-11,002194,10.66,9.84,10.73,9.81,81398,107383759.0,8.66,-7.34,-0.78,2.63
2014-11-12,002194,9.81,10.01,10.08,9.66,45805,58821335.0,4.27,1.73,0.17,1.48
2014-11-13,002194,9.96,9.4,9.98,9.22,84397,104359156.0,7.59,-6.09,-0.61,2.72
2014-11-14,002194,9.41,9.41,9.49,9.3,30988,37902479.0,2.02,0.11,0.01,1.0
2014-11-17,002194,9.42,9.56,9.61,9.42,32720,40605003.0,2.02,1.59,0.15,1.06
2014-11-18,002194,9.58,9.58,9.63,9.53,25126,31295440.0,1.05,0.21,0.02,0.81
2014-11-19,002194,9.57,9.71,9.82,9.56,38293,48159737.0,2.71,1.36,0.13,1.24
2014-11-20,002194,9.64,9.54,9.69,9.54,28163,35150667.0,1.54,-1.75,-0.17,0.91
2014-11-21,002194,9.57,9.68,9.71,9.57,27700,34698285.0,1.47,1.47,0.14,0.89
2014-11-24,002194,9.81,9.73,9.81,9.65,36882,46545448.0,1.65,0.52,0.05,1.19
2014-11-25,002194,9.71,9.91,9.95,9.67,46979,60090326.0,2.88,1.85,0.18,1.52
2014-11-26,002194,9.91,9.74,9.91,9.64,58107,73650529.0,2.72,-1.72,-0.17,1.88
2014-11-27,002194,9.76,9.81,9.91,9.67,53267,67729257.0,2.46,0.72,0.07,1.72
2014-11-28,002194,9.79,9.61,9.81,9.55,59666,74682563.0,2.65,-2.04,-0.2,1.93
2014-12-01,002194,9.61,9.9,9.91,9.41,89739,113116530.0,5.2,3.02,0.29,2.9
2014-12-02,002194,9.87,9.91,10.01,9.79,58540,75280168.0,2.22,0.1,0.01,1.89
2014-12-03,002194,9.91,9.84,9.91,9.7,58830,74609314.0,2.12,-0.71,-0.07,1.9
2014-12-04,002194,9.91,10.01,10.15,9.89,79997,104210026.0,2.64,1.73,0.17,2.58
2014-12-05,002194,10.0,9.51,10.11,9.29,71636,89879151.0,8.19,-5.0,-0.5,2.31
2014-12-08,002194,9.52,9.36,9.59,9.33,67840,83029040.0,2.73,-1.58,-0.15,2.19
2014-12-09,002194,9.36,8.59,9.37,8.57,127688,148121672.0,8.55,-8.23,-0.77,4.12
2014-12-10,002194,8.55,8.86,8.88,8.51,50679,57980750.0,4.31,3.14,0.27,1.64
2014-12-11,002194,8.86,8.92,8.93,8.78,40551,46958402.0,1.69,0.68,0.06,1.31
2014-12-12,002194,8.92,9.07,9.11,8.91,43526,51391269.0,2.24,1.68,0.15,1.4
2014-12-15,002194,9.06,9.18,9.2,8.96,42586,50697848.0,2.65,1.21,0.11,1.37
2014-12-16,002194,9.2,9.09,9.21,9.04,41503,49165562.0,1.85,-0.98,-0.09,1.34
2014-12-17,002194,9.04,8.81,9.08,8.75,47711,55193209.0,3.63,-3.08,-0.28,1.54
2014-12-18,002194,8.81,8.77,8.86,8.72,30769,35379504.0,1.59,-0.45,-0.04,0.99
2014-12-19,002194,8.77,8.5,8.77,8.44,50281,56302478.0,3.76,-3.08,-0.27,1.62
2014-12-22,002194,8.5,7.89,8.5,7.79,59746,63248136.0,8.35,-7.18,-0.61,1.93
2014-12-23,002194,7.89,7.99,8.09,7.86,35858,37733693.0,2.92,1.27,0.1,1.16
2014-12-24,002194,8.01,8.56,8.58,8.01,57352,62820567.0,7.13,7.13,0.57,1.85
2014-12-25,002194,8.62,8.47,8.62,8.37,43582,48649810.0,2.92,-1.05,-0.09,1.41
2014-12-26,002194,8.44,8.45,8.54,8.41,31765,35256536.0,1.53,-0.24,-0.02,1.03
2014-12-29,002194,8.46,8.21,8.46,8.06,37036,39974543.0,4.73,-2.84,-0.24,1.2
2014-12-30,002194,8.21,7.99,8.21,7.97,25555,27191116.0,2.92,-2.68,-0.22,0.82
2014-12-31,002194,8.0,8.12,8.16,8.0,18171,19376430.0,2.0,1.63,0.13,0.46
2015-01-05,002194,8.12,8.45,8.54,7.92,54881,59344335.0,7.64,4.06,0.33,1.4
2015-01-06,002194,8.37,8.56,8.61,8.31,50828,56580170.0,3.55,1.3,0.11,1.29
2015-01-07,002194,8.58,8.45,8.58,8.37,33221,36878599.0,2.45,-1.29,-0.11,0.85
2015-01-08,002194,8.44,8.54,8.66,8.41,44051,49400468.0,2.96,1.07,0.09,1.12
2015-01-09,002194,8.46,8.47,8.62,8.46,37236,41751436.0,1.87,-0.82,-0.07,0.95
2015-01-12,002194,8.47,8.21,8.47,8.15,27025,29333649.0,3.78,-3.07,-0.26,0.69
2015-01-13,002194,8.21,8.66,8.66,8.16,53317,59832042.0,6.09,5.48,0.45,1.36
2015-01-14,002194,8.73,8.61,8.78,8.55,34359,38854085.0,2.66,-0.58,-0.05,0.88
2015-01-15,002194,8.6,8.68,8.85,8.57,35809,40829671.0,3.25,0.81,0.07,0.91
2015-01-16,002194,8.65,8.83,8.83,8.62,47124,53990095.0,2.42,1.73,0.15,1.2
2015-01-19,002194,8.67,8.59,8.99,8.46,60347,69345421.0,6.0,-2.72,-0.24,1.54
2015-01-20,002194,8.6,8.99,8.99,8.6,60696,70268050.0,4.54,4.66,0.4,1.55
2015-01-21,002194,9.09,9.07,9.11,8.93,72426,85266307.0,2.0,0.89,0.08,1.84
2015-01-22,002194,9.07,9.16,9.19,8.96,61438,72986479.0,2.54,0.99,0.09,1.56
2015-01-23,002194,9.2,9.05,9.24,8.98,48057,56916301.0,2.84,-1.2,-0.11,1.22
2015-01-26,002194,9.06,9.2,9.2,9.05,41694,49686602.0,1.66,1.66,0.15,1.06
2015-01-27,002194,9.22,9.15,9.26,9.01,46751,55690868.0,2.72,-0.54,-0.05,1.19
2015-01-28,002194,9.08,9.01,9.13,8.98,37039,43826564.0,1.64,-1.53,-0.14,0.94
2015-01-29,002194,8.84,8.91,9.0,8.81,25556,29819124.0,2.11,-1.11,-0.1,0.65
2015-01-30,002194,8.91,8.93,8.98,8.79,27350,31851768.0,2.13,0.22,0.02,0.7
2015-02-02,002194,8.86,9.01,9.07,8.76,28579,33508707.0,3.47,0.9,0.08,0.73
2015-02-09,002194,9.01,8.55,9.34,8.54,67018,78813173.0,8.88,-5.11,-0.46,1.71
2015-02-10,002194,8.54,8.61,8.7,8.14,45868,50500782.0,6.55,0.7,0.06,1.17
2015-02-11,002194,8.61,8.91,9.01,8.61,41238,47801186.0,4.65,3.48,0.3,1.05
2015-02-12,002194,8.91,9.36,9.51,8.87,95593,115761624.0,7.18,5.05,0.45,2.43
2015-02-13,002194,9.46,9.48,9.53,9.26,100083,122623425.0,2.88,1.28,0.12,2.55
2015-02-16,002194,9.51,9.56,9.66,9.41,92144,114070961.0,2.64,0.84,0.08,2.35
2015-02-17,002194,9.57,9.55,9.66,9.46,54592,67668515.0,2.09,-0.1,-0.01,1.39
2015-02-25,002194,9.58,9.6,9.86,9.51,75693,95509304.0,3.66,0.52,0.05,1.93
2015-02-26,002194,9.6,9.73,9.86,9.54,64421,81024713.0,3.33,1.35,0.13,1.64
2015-02-27,002194,9.71,10.05,10.11,9.67,113022,145523774.0,4.52,3.29,0.32,2.88
2015-03-02,002194,10.21,10.08,10.27,9.96,100557,131139275.0,3.08,0.3,0.03,2.56
2015-03-03,002194,10.01,9.83,10.19,9.78,101414,131072467.0,4.07,-2.48,-0.25,2.58
2015-03-04,002194,9.87,9.98,10.03,9.82,59430,76602291.0,2.14,1.53,0.15,1.51
2015-03-05,002194,10.04,9.89,10.09,9.82,57317,73638297.0,2.71,-0.9,-0.09,1.46
2015-03-06,002194,9.88,9.61,9.91,9.57,63325,79816149.0,3.44,-2.83,-0.28,1.61
2015-03-09,002194,9.54,10.05,10.1,9.48,72155,92581926.0,6.45,4.58,0.44,1.84
2015-03-10,002194,10.06,10.01,10.25,10.01,77027,101034520.0,2.39,-0.4,-0.04,1.96
2015-03-11,002194,9.95,10.0,10.08,9.91,43536,56262237.0,1.7,-0.1,-0.01,1.11
2015-03-12,002194,10.01,10.25,10.34,10.01,85748,113266306.0,3.3,2.5,0.25,2.18
2015-03-13,002194,10.26,10.33,10.49,10.21,85720,114640074.0,2.73,0.78,0.08,2.18
2015-03-16,002194,10.3,10.66,10.76,10.3,100701,137041361.0,4.45,3.19,0.33,2.56
2015-03-17,002194,10.71,10.61,10.75,10.49,96113,131544468.0,2.44,-0.47,-0.05,2.45
2015-03-18,002194,10.59,10.79,10.87,10.55,101134,139934548.0,3.02,1.7,0.18,2.58
2015-03-19,002194,10.79,10.99,11.02,10.66,110902,155192127.0,3.34,1.85,0.2,2.82
2015-03-20,002194,11.0,11.28,11.36,10.84,133893,192142254.0,4.73,2.64,0.29,3.41
2015-03-23,002194,11.33,11.83,11.85,11.33,179496,266357365.0,4.61,4.88,0.55,4.57
2015-03-24,002194,11.84,11.66,11.86,11.12,174858,258726904.0,6.26,-1.44,-0.17,4.45
2015-03-25,002194,11.54,11.62,11.79,11.37,126086,187581074.0,3.6,-0.34,-0.04,3.21
2015-03-26,002194,11.51,11.39,11.76,11.33,109505,161729559.0,3.7,-1.98,-0.23,2.79
2015-03-27,002194,11.37,11.54,11.6,11.26,76893,112740570.0,2.99,1.32,0.15,1.96
2015-03-30,002194,11.55,11.62,11.78,11.39,104677,155767708.0,3.38,0.69,0.08,2.67
2015-03-31,002194,11.62,12.15,12.45,11.55,181016,278479664.0,7.75,4.56,0.53,4.61
2015-04-01,002194,12.04,12.52,12.69,12.04,179359,285833232.0,5.35,3.05,0.37,4.57
2015-04-02,002194,12.43,12.64,12.64,12.21,119605,189750764.0,3.43,0.96,0.12,3.05
2015-04-03,002194,12.46,13.44,13.56,12.46,176132,292939120.0,8.7,6.33,0.8,4.49
2015-04-07,002194,13.57,14.17,14.76,13.57,154777,277680848.0,8.85,5.43,0.73,3.94
2015-04-08,002194,14.15,13.71,14.15,13.34,129236,224521274.0,5.72,-3.25,-0.46,3.29
2015-04-09,002194,13.54,13.42,13.79,12.59,118763,197481650.0,8.75,-2.12,-0.29,3.02
2015-04-10,002194,13.04,13.5,13.68,12.91,135201,229973476.0,5.74,0.6,0.08,3.44
2015-04-13,002194,13.61,13.77,13.91,13.27,137097,237284980.0,4.74,2.0,0.27,3.49
2015-04-14,002194,13.71,13.54,13.93,13.41,107074,185581710.0,3.78,-1.67,-0.23,2.73
2015-04-15,002194,13.62,12.59,13.66,12.59,102803,169743889.0,7.9,-7.02,-0.95,2.62
2015-04-16,002194,12.37,12.59,12.91,12.12,91033,146405587.0,6.27,0.0,0.0,2.32
2015-04-17,002194,12.91,12.62,12.91,12.47,99690,161287498.0,3.49,0.24,0.03,2.54
2015-04-20,002194,12.47,11.86,12.51,11.71,174154,270634752.0,6.34,-6.02,-0.76,4.44
2015-04-21,002194,11.86,12.4,12.45,11.86,96483,150563052.0,4.97,4.55,0.54,2.46
2015-04-22,002194,12.48,12.78,12.9,12.48,124744,202587699.0,3.39,3.06,0.38,3.18
2015-04-23,002194,12.91,13.21,13.29,12.86,166269,277106864.0,3.36,3.36,0.43,4.23
2015-04-24,002194,13.01,12.85,13.21,12.5,113288,185939706.0,5.37,-2.73,-0.36,2.89
2015-04-27,002194,12.96,12.98,13.11,12.62,106657,175504045.0,3.81,1.01,0.13,2.72
2015-04-28,002194,12.97,12.45,12.97,12.04,96778,154462013.0,7.16,-4.08,-0.53,2.46
2015-04-29,002194,12.39,12.67,12.69,12.01,73202,116710434.0,5.46,1.77,0.22,1.86
2015-04-30,002194,12.61,12.63,13.04,12.59,82740,135598704.0,3.55,-0.32,-0.04,2.11
2015-05-04,002194,12.61,12.38,12.62,12.12,64631,102198791.0,3.96,-1.98,-0.25,1.65
2015-05-05,002194,12.3,12.06,12.61,12.06,69591,110079286.0,4.44,-2.58,-0.32,1.77
2015-05-06,002194,12.08,12.1,12.61,12.02,68420,107730046.0,4.89,0.33,0.04,1.74
2015-05-07,002194,12.02,11.69,12.21,11.64,53999,82134760.0,4.71,-3.39,-0.41,1.38
2015-05-08,002194,11.86,12.31,12.32,11.83,73781,113790182.0,4.19,5.3,0.62,1.88
2015-05-11,002194,12.6,13.38,13.43,12.59,174018,289911744.0,6.82,8.69,1.07,4.43
2015-05-12,002194,13.41,13.37,13.55,12.94,210530,355732736.0,4.56,-0.07,-0.01,5.36
2015-05-13,002194,13.21,13.65,13.86,13.11,197553,341317648.0,5.61,2.09,0.28,5.03
2015-05-14,002194,14.81,15.09,15.09,14.81,278072,529173248.0,2.05,10.55,1.44,7.08
2015-05-15,002194,15.21,14.16,15.29,13.91,352615,642070240.0,9.15,-6.16,-0.93,8.98
2015-05-18,002194,13.85,14.26,14.6,13.71,212768,384181520.0,6.29,0.71,0.1,5.42
2015-05-19,002194,14.21,14.49,14.62,13.87,189924,342191040.0,5.26,1.61,0.23,4.84
2015-05-20,002194,14.61,14.79,15.21,14.29,227667,428193728.0,6.35,2.07,0.3,5.8
2015-05-21,002194,15.04,15.59,16.02,14.96,218208,428172048.0,7.17,5.41,0.8,5.56
2015-05-22,002194,15.79,15.31,15.99,14.85,191808,370499936.0,7.31,-1.8,-0.28,4.88
2015-05-25,002194,15.04,15.4,15.51,14.86,178504,341753024.0,4.25,0.59,0.09,4.55
2015-05-26,002194,15.3,16.05,16.12,15.3,192574,382958848.0,5.32,4.22,0.65,4.9
2015-05-27,002194,16.11,15.68,16.48,15.44,217115,429420432.0,6.48,-2.31,-0.37,5.53
2015-05-28,002194,15.46,14.04,15.76,14.04,208750,395929216.0,10.97,-10.46,-1.64,5.32
2015-05-29,002194,14.03,14.44,14.66,13.04,163398,290900176.0,11.54,2.85,0.4,4.16
2015-06-01,002194,14.71,15.4,15.52,14.46,166527,315392240.0,7.34,6.65,0.96,4.24
2015-06-02,002194,15.52,17.01,17.01,15.29,248693,509886528.0,11.17,10.45,1.61,6.33
2015-06-03,002194,18.02,18.78,18.78,17.54,343752,792119344.0,7.29,10.41,1.77,8.75
2015-06-04,002194,19.2,18.24,19.2,17.01,239218,538040640.0,11.66,-2.88,-0.54,6.09
2015-06-05,002194,18.43,19.75,20.01,17.61,253401,591007488.0,13.16,8.28,1.51,6.45
2015-06-08,002194,19.29,18.79,20.54,18.71,199534,481782864.0,9.27,-4.86,-0.96,5.08
2015-06-09,002194,18.54,18.22,18.54,17.21,147911,333683664.0,7.08,-3.03,-0.57,3.77
2015-06-10,002194,17.96,19.81,19.83,17.86,194235,461562144.0,10.81,8.73,1.59,4.95
2015-06-11,002194,19.56,21.65,21.79,19.36,223075,572687376.0,12.27,9.29,1.84,5.68
2015-06-12,002194,21.14,21.54,22.61,20.72,167164,446188368.0,8.73,-0.51,-0.11,4.26
2015-06-15,002194,20.96,21.21,22.37,20.79,136620,369170416.0,7.34,-1.53,-0.33,3.48
2015-06-16,002194,21.83,22.33,23.35,21.41,251500,695187376.0,9.15,5.28,1.12,6.41
2015-06-17,002194,22.75,21.77,22.75,20.52,163069,434647296.0,9.99,-2.51,-0.56,4.15
2015-07-24,002194,19.52,19.52,21.68,19.52,786025,1933633520.0,9.92,-10.34,-2.25,22.4
2015-07-27,002194,17.63,17.5,18.0,17.5,276181,606944032.0,2.56,-10.35,-2.02,7.87
2015-07-28,002194,15.68,15.68,16.71,15.68,345582,685303968.0,5.89,-10.4,-1.82,9.85
2015-07-29,002194,15.71,15.93,16.37,14.05,276627,520616720.0,14.8,1.59,0.25,7.88
2015-07-30,002194,15.21,14.26,15.53,14.26,231072,434778624.0,7.97,-10.48,-1.67,6.58
2015-07-31,002194,13.96,13.41,14.12,12.94,210045,357400768.0,8.27,-5.96,-0.85,5.99
2015-08-03,002194,12.8,12.57,13.0,12.26,188862,297669136.0,5.52,-6.26,-0.84,5.38
2015-08-04,002194,12.65,13.68,13.75,12.54,177016,293345712.0,9.63,8.83,1.11,5.04
2015-08-05,002194,13.46,12.91,13.73,12.86,147789,248546326.0,6.36,-5.63,-0.77,4.21
2015-08-06,002194,12.27,12.25,12.71,11.96,123837,194886251.0,5.81,-5.11,-0.66,3.53
2015-08-07,002194,12.55,13.55,13.55,12.5,185730,307442560.0,8.57,10.61,1.3,5.29
2015-08-10,002194,13.82,14.31,14.76,13.76,233028,419816256.0,7.38,5.61,0.76,6.64
2015-08-11,002194,14.29,14.29,14.59,13.92,214236,384760704.0,4.68,-0.14,-0.02,6.1
2015-08-12,002194,14.0,13.8,14.27,13.71,111433,197130788.0,3.92,-3.43,-0.49,3.18
2015-08-13,002194,13.69,14.06,14.08,13.56,100412,175968546.0,3.77,1.88,0.26,2.86
2015-08-14,002194,14.1,14.25,14.51,14.1,131289,236357337.0,2.92,1.35,0.19,3.74
2015-08-17,002194,13.96,14.46,14.48,13.8,118910,210895700.0,4.77,1.47,0.21,3.39
2015-08-18,002194,14.41,12.94,14.41,12.94,130886,226040186.0,10.17,-10.51,-1.52,3.73
2015-08-19,002194,12.37,12.87,13.26,11.58,121287,190360002.0,12.98,-0.54,-0.07,3.46
2015-08-20,002194,12.8,12.08,12.94,12.05,86051,136228873.0,6.92,-6.14,-0.79,2.45
2015-08-21,002194,11.69,10.87,12.08,10.84,119970,174162963.0,10.26,-10.02,-1.21,3.42
2015-08-24,002194,10.12,9.71,10.35,9.71,66716,84237439.0,5.89,-10.67,-1.16,1.9
2015-08-25,002194,8.68,8.67,8.88,8.67,122276,138060826.0,2.16,-10.71,-1.04,3.48
2015-08-26,002194,8.84,8.35,9.04,8.17,135551,151695829.0,10.03,-3.69,-0.32,3.86
2015-08-27,002194,8.62,8.65,8.87,7.96,94256,104325691.0,10.9,3.59,0.3,2.69
2015-08-28,002194,8.78,9.39,9.43,8.64,138793,161726679.0,9.13,8.55,0.74,3.95
2015-08-31,002194,9.29,8.99,9.29,8.89,97953,114947360.0,4.26,-4.26,-0.4,2.79
2015-09-01,002194,8.96,8.02,8.96,8.02,78371,85380541.0,10.46,-10.79,-0.97,2.23
2015-09-02,002194,7.49,8.25,8.37,7.27,95243,98343455.0,13.72,2.87,0.23,2.71
2015-09-07,002194,8.37,8.83,9.02,8.37,119550,136398278.0,7.88,7.03,0.58,3.41
2015-09-08,002194,8.77,9.29,9.46,8.58,93666,108646046.0,9.97,5.21,0.46,2.67
2015-09-09,002194,9.21,9.53,9.78,9.21,146649,179973030.0,6.14,2.58,0.24,4.18
2015-09-10,002194,9.3,9.06,9.44,9.02,75348,90083504.0,4.41,-4.93,-0.47,2.15
2015-09-11,002194,9.0,9.42,9.42,9.0,67952,81480113.0,4.64,3.97,0.36,1.94
2015-09-14,002194,9.48,8.41,9.53,8.41,70792,81150704.0,11.89,-10.72,-1.01,2.02
2015-09-15,002194,7.98,7.5,8.12,7.5,73550,74207237.0,7.37,-10.82,-0.91,2.1
2015-09-16,002194,7.55,8.3,8.32,7.42,74215,76159244.0,12.0,10.67,0.8,2.11
2015-09-17,002194,8.2,7.92,8.68,7.9,94484,102029372.0,9.4,-4.58,-0.38,2.69
2015-09-18,002194,8.05,8.26,8.36,7.79,62922,66684491.0,7.2,4.29,0.34,1.79
2015-09-21,002194,8.11,8.61,8.67,7.87,77678,84581721.0,9.69,4.24,0.35,2.21
2015-09-22,002194,8.61,8.46,8.81,8.38,112197,125465904.0,4.99,-1.74,-0.15,3.2
2015-09-23,002194,8.34,8.35,8.56,8.26,74356,81205418.0,3.55,-1.3,-0.11,2.12
2015-09-24,002194,8.46,9.26,9.26,8.46,88164,103579321.0,9.58,10.9,0.91,2.51
2015-09-25,002194,9.54,8.78,9.66,8.66,206471,246359276.0,10.8,-5.18,-0.48,5.88
2015-09-28,002194,8.65,8.99,9.03,8.33,93830,105903285.0,7.97,2.39,0.21,2.67
2015-09-29,002194,8.61,8.58,8.77,8.46,66411,74373213.0,3.45,-4.56,-0.41,1.89
2015-09-30,002194,8.6,8.59,8.72,8.47,45953,51358408.0,2.91,0.12,0.01,1.31
2015-10-08,002194,8.95,9.16,9.26,8.8,103662,121334438.0,5.36,6.64,0.57,2.95
2015-10-09,002194,9.25,9.73,9.93,9.21,174039,214920882.0,7.86,6.22,0.57,4.96
2015-10-12,002194,9.75,10.25,10.33,9.64,161283,208228841.0,7.09,5.34,0.52,4.6
2015-10-13,002194,10.06,10.2,10.26,9.85,146564,189249898.0,4.0,-0.49,-0.05,4.18
2015-10-14,002194,10.06,9.91,10.21,9.91,87146,112333757.0,2.94,-2.84,-0.29,2.48
2015-10-15,002194,9.89,10.77,10.91,9.8,164401,221760121.0,11.2,8.68,0.86,4.68
2015-10-16,002194,10.81,10.69,10.81,10.38,152374,206624802.0,3.99,-0.74,-0.08,4.34
2015-10-19,002194,10.68,10.48,10.68,10.35,116782,157734922.0,3.09,-1.96,-0.21,3.33
2015-10-20,002194,10.5,10.81,10.89,10.4,102708,140708268.0,4.68,3.15,0.33,2.93
2015-10-21,002194,10.81,9.66,10.93,9.66,144507,190536005.0,11.75,-10.64,-1.15,4.12
2015-10-22,002194,9.6,10.03,10.11,9.47,89961,113984338.0,6.63,3.83,0.37,2.56
2015-10-23,002194,10.04,10.44,10.51,10.04,92647,122198007.0,4.69,4.09,0.41,2.64
2015-10-26,002194,10.75,10.51,10.77,10.36,97548,131642848.0,3.93,0.67,0.07,2.78
2015-10-27,002194,10.37,10.54,10.62,9.79,92812,121901010.0,7.9,0.29,0.03,2.64
2015-10-28,002194,10.52,10.17,10.8,10.12,96547,130207520.0,6.45,-3.51,-0.37,2.75
2015-10-29,002194,10.24,10.56,10.71,10.22,97380,130898000.0,4.82,3.83,0.39,2.77
2015-10-30,002194,10.46,11.11,11.6,10.43,187366,264143142.0,11.08,5.21,0.55,5.34
2015-11-02,002194,10.83,11.21,11.5,10.54,165709,233838519.0,8.64,0.9,0.1,4.72
2015-11-03,002194,10.96,10.78,11.18,10.62,107204,149424713.0,5.0,-3.84,-0.43,3.05
2015-11-04,002194,10.8,11.83,11.93,10.8,185614,271430880.0,10.48,9.74,1.05,5.29
2015-11-05,002194,11.69,11.56,11.81,11.3,184771,272854528.0,4.31,-2.28,-0.27,5.26
2015-11-06,002194,11.61,11.77,12.01,11.49,146753,219889370.0,4.5,1.82,0.21,4.18
2015-11-09,002194,11.54,11.68,11.86,11.26,153898,226440421.0,5.1,-0.76,-0.09,4.39
2015-11-10,002194,11.47,11.6,11.76,11.4,102827,151830201.0,3.08,-0.68,-0.08,2.93
2015-11-11,002194,11.56,12.45,12.83,11.56,250181,391888992.0,10.95,7.33,0.85,7.13
2015-11-12,002194,12.21,12.09,12.29,11.92,144991,223205373.0,2.97,-2.89,-0.36,4.13
2015-11-13,002194,11.92,12.15,12.36,11.81,146892,226534356.0,4.55,0.5,0.06,4.19
2015-11-16,002194,11.79,12.33,12.34,11.7,89315,136791010.0,5.27,1.48,0.18,2.54
2015-11-17,002194,12.56,12.41,12.78,12.3,154263,245046738.0,3.89,0.65,0.08,4.4
2015-11-18,002194,12.33,11.86,12.46,11.8,82332,126434185.0,5.32,-4.43,-0.55,2.35
2015-11-19,002194,11.86,12.21,12.22,11.81,56596,86601387.0,3.46,2.95,0.35,1.61
2015-11-20,002194,12.27,12.37,12.56,11.96,104208,161941122.0,4.91,1.31,0.16,2.97
2015-11-23,002194,12.33,12.06,12.45,11.97,72997,113198858.0,3.88,-2.51,-0.31,2.08
2015-11-24,002194,12.06,12.26,12.27,11.79,64761,98886510.0,3.98,1.66,0.2,1.85
2015-11-25,002194,12.25,12.91,13.13,12.11,155025,247976730.0,8.32,5.3,0.65,4.42
2015-11-26,002194,13.01,12.96,13.27,12.61,204372,333796384.0,5.11,0.39,0.05,5.82
2015-11-27,002194,12.79,12.73,13.54,12.5,190894,314273312.0,8.02,-1.77,-0.23,5.44
2015-11-30,002194,12.87,12.46,13.09,11.52,126667,198689159.0,12.33,-2.12,-0.27,3.61
2015-12-01,002194,12.41,13.37,13.41,12.19,156889,258301326.0,9.79,7.3,0.91,4.47
2015-12-02,002194,13.12,12.83,13.33,12.31,120049,195032835.0,7.63,-4.04,-0.54,3.42
2015-12-03,002194,12.83,13.28,13.33,12.71,111744,184634400.0,4.83,3.51,0.45,3.18
2015-12-04,002194,13.33,13.53,13.83,13.17,177169,303726304.0,4.97,1.88,0.25,5.05
2015-12-07,002194,13.46,13.75,13.83,12.86,123199,210251993.0,7.17,1.63,0.22,3.51
2015-12-08,002194,13.62,13.19,13.62,13.17,106313,180128758.0,3.27,-4.07,-0.56,3.03
2015-12-09,002194,13.16,12.81,13.16,12.68,74590,121613661.0,3.64,-2.88,-0.38,2.13
2015-12-10,002194,12.89,13.11,13.68,12.89,116135,195844365.0,6.17,2.34,0.3,3.31
2015-12-11,002194,12.94,12.77,13.09,12.46,85115,137538205.0,4.81,-2.59,-0.34,2.43
2015-12-14,002194,12.56,12.75,12.81,12.23,77917,123251301.0,4.54,-0.16,-0.02,2.22
2015-12-15,002194,12.72,13.04,13.16,12.65,81286,133155163.0,4.0,2.27,0.29,2.32
2015-12-16,002194,13.12,13.22,13.25,12.93,94336,156175704.0,2.45,1.38,0.18,2.69
2015-12-17,002194,13.24,13.57,13.65,13.22,126087,214165817.0,3.25,2.65,0.35,3.59
2015-12-18,002194,13.62,13.24,13.62,13.13,84269,142032075.0,3.61,-2.43,-0.33,2.4
2015-12-21,002194,13.13,13.01,13.24,12.86,96311,158700748.0,2.87,-1.74,-0.23,2.74
2015-12-22,002194,13.09,13.45,13.61,12.97,104139,175330678.0,4.92,3.38,0.44,2.97
2015-12-23,002194,13.34,12.85,13.45,12.85,87567,145187773.0,4.46,-4.46,-0.6,2.5
2015-12-24,002194,12.85,12.94,13.0,12.51,63338,102242531.0,3.81,0.7,0.09,1.8
2015-12-25,002194,13.02,13.39,13.86,12.8,136188,229904740.0,8.19,3.48,0.45,3.88
2015-12-28,002194,13.3,13.19,13.66,13.17,123573,209275595.0,3.66,-1.49,-0.2,3.52
2015-12-29,002194,13.12,13.2,13.25,12.81,66722,109636422.0,3.34,0.08,0.01,1.9
2015-12-30,002194,13.25,14.06,14.26,13.12,215564,375542000.0,8.64,6.52,0.86,6.14
2015-12-31,002194,13.9,13.46,14.0,13.46,111267,192458713.0,3.84,-4.27,-0.6,2.56
2016-01-04,002194,13.29,12.04,13.42,12.04,79578,127221869.0,10.25,-10.55,-1.42,1.83
2016-01-05,002194,11.3,11.17,12.03,10.76,95942,138370370.0,10.55,-7.23,-0.87,2.21
2016-01-06,002194,11.32,11.53,11.61,11.12,67266,97869107.0,4.39,3.22,0.36,1.55
2016-01-07,002194,11.28,10.31,11.29,10.31,14277,19480295.0,8.5,-10.58,-1.22,0.33
2016-01-08,002194,10.39,10.36,10.7,9.31,60476,79986688.0,13.48,0.48,0.05,1.39
2016-01-11,002194,10.11,9.25,10.22,9.25,61929,76982497.0,9.36,-10.71,-1.11,1.43
2016-01-12,002194,9.21,9.21,9.45,8.75,46953,55795376.0,7.57,-0.43,-0.04,1.08
2016-01-13,002194,9.33,8.6,9.46,8.55,41049,48244169.0,9.88,-6.62,-0.61,0.94
2016-01-14,002194,8.36,9.11,9.25,8.3,46534,53058392.0,11.05,5.93,0.51,1.07
2016-01-15,002194,9.1,8.86,9.59,8.79,75754,90491547.0,8.78,-2.74,-0.25,1.74
2016-01-18,002194,8.36,9.17,9.33,8.21,52124,60764165.0,12.64,3.5,0.31,1.2
2016-01-19,002194,9.04,9.56,9.69,9.04,60612,73512537.0,7.09,4.25,0.39,1.4
2016-01-20,002194,9.5,9.37,9.72,9.29,64241,78609147.0,4.5,-1.99,-0.19,1.48
2016-01-21,002194,9.21,8.95,9.58,8.95,48859,58737816.0,6.72,-4.48,-0.42,1.12
2016-01-22,002194,9.1,9.0,9.29,8.63,65445,75497812.0,7.37,0.56,0.05,1.51
2016-01-25,002194,9.02,9.01,9.33,8.85,67345,79115467.0,5.33,0.11,0.01,1.55
2016-01-26,002194,8.82,8.1,8.96,8.04,73101,81274000.0,10.21,-10.1,-0.91,1.68
2016-01-27,002194,8.04,8.0,8.21,7.46,50818,52213301.0,9.26,-1.23,-0.1,1.17
2016-01-28,002194,7.77,7.58,8.01,7.47,32441,32964670.0,6.75,-5.25,-0.42,0.75
2016-01-29,002194,7.61,7.98,8.11,7.58,41316,42632945.0,6.99,5.28,0.4,0.95
2016-02-01,002194,8.13,8.41,8.85,8.05,79270,87261517.0,10.03,5.39,0.43,1.82
2016-02-02,002194,8.36,8.67,8.78,8.06,66767,74541544.0,8.56,3.09,0.26,1.54
2016-02-03,002194,8.45,8.67,8.72,8.29,45822,50549788.0,4.96,0.0,0.0,1.05
2016-02-04,002194,8.7,8.81,8.97,8.59,51755,59040891.0,4.38,1.61,0.14,1.19
2016-02-05,002194,8.81,8.57,8.91,8.51,34930,39347342.0,4.54,-2.72,-0.24,0.8
2016-02-15,002194,8.12,8.47,8.53,8.11,29248,31814986.0,4.9,-1.17,-0.1,0.67
2016-02-16,002194,8.56,8.95,8.96,8.56,63831,73079061.0,4.72,5.67,0.48,1.47
2016-02-17,002194,8.95,9.27,9.27,8.88,75787,89123327.0,4.36,3.58,0.32,1.74
2016-02-18,002194,9.27,9.17,9.42,9.12,68542,81982929.0,3.24,-1.08,-0.1,1.58
2016-02-19,002194,9.13,9.5,9.54,9.07,64347,77532869.0,5.13,3.6,0.33,1.48
2016-02-22,002194,9.52,9.64,9.66,9.41,78038,96009360.0,2.63,1.47,0.14,1.8
2016-02-23,002194,9.63,9.45,9.64,9.25,55541,67465768.0,4.05,-1.97,-0.19,1.28
2016-02-24,002194,9.41,9.36,9.48,9.11,48272,57924837.0,3.92,-0.95,-0.09,1.11
2016-02-25,002194,9.29,8.35,9.36,8.35,61108,69248329.0,10.79,-10.79,-1.01,1.41
2016-02-26,002194,8.61,8.21,8.61,7.94,44029,47541711.0,8.02,-1.68,-0.14,1.01
2016-02-29,002194,8.21,7.61,8.24,7.37,48471,48596014.0,10.6,-7.31,-0.6,1.12
2016-03-01,002194,7.71,8.04,8.04,7.54,42692,43458974.0,6.57,5.65,0.43,0.98
2016-03-02,002194,7.93,8.46,8.52,7.93,49248,53057359.0,7.34,5.22,0.42,1.13
2016-03-03,002194,8.39,8.32,8.64,8.29,52735,58106213.0,4.14,-1.65,-0.14,1.21
2016-03-04,002194,8.23,7.92,8.36,7.66,51070,53813506.0,8.41,-4.81,-0.4,1.18
2016-03-07,002194,7.97,8.12,8.29,7.97,35432,37653368.0,4.04,2.53,0.2,0.82
2016-03-08,002194,8.15,8.37,8.44,7.71,52718,55624089.0,8.99,3.08,0.25,1.21
2016-03-09,002194,8.27,8.12,8.33,7.99,32668,34789433.0,4.06,-2.99,-0.25,0.75
2016-03-10,002194,8.13,8.31,8.41,8.04,58204,62667962.0,4.56,2.34,0.19,1.34
2016-03-11,002194,8.2,8.24,8.32,7.84,59845,63184123.0,5.78,-0.84,-0.07,1.38
2016-03-14,002194,8.28,8.56,8.7,8.27,60650,67454778.0,5.22,3.88,0.32,1.4
2016-03-15,002194,8.61,8.56,8.61,8.4,48676,53735782.0,2.45,0.0,0.0,1.12
2016-03-16,002194,8.61,8.73,9.37,8.61,134293,155192955.0,8.88,1.99,0.17,3.09
2016-03-17,002194,8.72,9.04,9.08,8.64,113982,131004943.0,5.04,3.55,0.31,2.62
2016-03-18,002194,9.01,9.28,9.38,8.97,110975,132071772.0,4.54,2.65,0.24,2.55
2016-03-21,002194,9.29,9.41,9.46,9.22,111417,134273761.0,2.59,1.4,0.13,2.56
2016-03-22,002194,9.29,9.2,9.36,9.14,72843,87133516.0,2.34,-2.23,-0.21,1.68
2016-03-23,002194,9.13,9.29,9.33,9.12,59849,71484026.0,2.28,0.98,0.09,1.38
2016-03-24,002194,9.21,9.22,9.58,9.15,95948,116569899.0,4.63,-0.75,-0.07,2.21
2016-03-25,002194,9.13,9.29,9.32,9.05,58262,69430828.0,2.93,0.76,0.07,1.34
2016-03-28,002194,9.31,9.44,9.72,9.3,88528,108349536.0,4.52,1.61,0.15,2.04
2016-03-29,002194,9.34,9.04,9.46,8.98,65150,77393384.0,5.08,-4.24,-0.4,1.5
2016-03-30,002194,9.12,9.45,9.47,9.12,87429,104836452.0,3.87,4.54,0.41,2.01
2016-03-31,002194,9.36,9.64,9.65,9.36,119491,146701414.0,3.07,2.01,0.19,2.75
2016-04-01,002194,9.54,9.54,9.6,9.23,76952,93656831.0,3.84,-1.04,-0.1,1.77
2016-04-05,002194,9.46,9.81,9.86,9.46,104772,130481339.0,4.19,2.83,0.27,2.41
2016-04-06,002194,9.73,9.77,9.82,9.59,84132,105444255.0,2.34,-0.41,-0.04,1.94
2016-04-07,002194,9.78,9.71,10.05,9.71,113053,143521170.0,3.48,-0.61,-0.06,2.6
2016-04-08,002194,9.55,9.51,9.6,9.29,69641,84698125.0,3.19,-2.06,-0.2,1.6
2016-04-11,002194,9.62,9.97,10.09,9.54,117465,149094800.0,5.78,4.84,0.46,2.7
2016-04-12,002194,9.86,9.79,9.96,9.63,62962,79264815.0,3.31,-1.81,-0.18,1.45
2016-04-13,002194,9.81,9.9,10.11,9.81,85208,109583374.0,3.06,1.12,0.11,1.96
2016-04-14,002194,9.92,10.17,10.25,9.92,79362,103301545.0,3.33,2.73,0.27,1.83
2016-04-15,002194,10.21,10.31,10.44,10.04,73399,96615752.0,3.93,1.38,0.14,1.69
2016-04-18,002194,10.27,9.99,10.27,9.9,54357,69983185.0,3.59,-3.1,-0.32,1.25
2016-04-19,002194,10.08,10.06,10.27,9.92,37856,48932000.0,3.5,0.7,0.07,0.87
2016-04-20,002194,10.12,9.4,10.2,9.14,82354,101535922.0,10.54,-6.56,-0.66,1.9
2016-04-21,002194,9.36,9.11,9.49,9.05,60135,72138758.0,4.68,-3.09,-0.29,1.38
2016-04-22,002194,9.0,9.19,9.23,8.83,36597,42951129.0,4.39,0.88,0.08,0.84
2016-04-25,002194,9.19,9.21,9.33,9.09,41725,49739094.0,2.61,0.22,0.02,0.96
2016-04-26,002194,9.16,9.34,9.36,9.12,30283,36177302.0,2.61,1.41,0.13,0.7
2016-04-27,002194,9.29,9.21,9.44,9.19,31904,38399704.0,2.68,-1.39,-0.13,0.73
2016-04-28,002194,9.18,9.04,9.31,8.77,55208,64266593.0,5.86,-1.85,-0.17,1.27
2016-04-29,002194,9.0,9.1,9.21,8.88,29960,35159778.0,3.65,0.66,0.06,0.69
2016-05-03,002194,9.08,9.41,9.41,9.0,61373,73485773.0,4.51,3.41,0.31,1.41
2016-05-04,002194,9.31,9.4,9.5,9.31,47285,57425887.0,2.02,-0.11,-0.01,1.09
2016-05-05,002194,9.42,9.67,9.68,9.39,51008,62756260.0,3.09,2.87,0.27,1.17
2016-05-06,002194,9.64,9.06,9.82,9.01,76532,92705346.0,8.38,-6.31,-0.61,1.76
2016-05-09,002194,8.96,8.46,8.97,8.43,49944,56006063.0,5.96,-6.62,-0.6,1.15
2016-05-10,002194,8.46,8.47,8.54,8.3,29433,32324550.0,2.84,0.12,0.01,0.68
2016-05-11,002194,8.55,8.31,8.55,8.26,30574,33492356.0,3.42,-1.89,-0.16,0.7
2016-05-12,002194,8.15,8.25,8.34,8.05,23314,24882531.0,3.49,-0.72,-0.06,0.54
2016-05-13,002194,8.25,8.17,8.38,8.1,20148,21629605.0,3.39,-0.97,-0.08,0.46
2016-05-16,002194,8.15,8.41,8.46,8.04,34007,36565072.0,5.14,2.94,0.24,0.78
2016-05-17,002194,8.35,8.35,8.51,8.26,29484,32113064.0,2.97,-0.71,-0.06,0.68
2016-05-18,002194,8.27,8.16,8.36,8.01,34795,36953324.0,4.19,-2.28,-0.19,0.8
2016-05-19,002194,8.13,8.06,8.36,7.96,43579,46572404.0,4.9,-1.23,-0.1,1.0
2016-05-20,002194,7.91,8.2,8.21,7.87,29107,30638413.0,4.22,1.74,0.14,0.67
2016-05-23,002194,8.21,8.3,8.35,8.21,33928,36607345.0,1.71,1.22,0.1,0.78
2016-05-24,002194,8.3,8.05,8.3,7.99,40573,42839221.0,3.73,-3.01,-0.25,0.93
2016-05-25,002194,8.15,8.06,8.21,8.01,33845,35792500.0,2.48,0.12,0.01,0.78
2016-05-26,002194,8.06,8.06,8.14,7.78,36217,37452233.0,4.47,0.0,0.0,0.83
2016-05-27,002194,8.04,8.02,8.1,7.96,26244,27539356.0,1.74,-0.5,-0.04,0.6
2016-05-30,002194,8.02,8.01,8.13,7.82,25200,26361555.0,3.87,-0.12,-0.01,0.58
2016-05-31,002194,8.11,8.47,8.52,8.0,59781,64849314.0,6.49,5.74,0.46,1.38
2016-06-01,002194,8.47,8.57,8.66,8.47,52515,58489158.0,2.24,1.18,0.1,1.21
2016-06-02,002194,8.51,8.61,8.68,8.48,44644,49712801.0,2.33,0.47,0.04,1.03
2016-06-03,002194,8.63,8.71,8.81,8.59,54472,61361041.0,2.56,1.16,0.1,1.25
2016-06-06,002194,8.77,8.74,8.77,8.55,42232,47356166.0,2.53,0.34,0.03,0.97
2016-06-07,002194,8.68,8.64,8.7,8.57,33123,37076046.0,1.49,-1.14,-0.1,0.76
2016-06-08,002194,8.64,8.57,8.64,8.48,39818,44299403.0,1.85,-0.81,-0.07,0.92
2016-06-13,002194,8.5,8.16,8.76,8.16,61633,68275109.0,7.0,-4.78,-0.41,1.42
2016-06-14,002194,8.17,8.13,8.21,8.01,31428,33272365.0,2.45,-0.37,-0.03,0.72
2016-06-15,002194,8.05,8.45,8.54,7.97,36302,39530918.0,7.01,3.94,0.32,0.84
2016-06-16,002194,8.4,8.56,8.76,8.39,58250,65027046.0,4.38,1.3,0.11,1.34
2016-06-17,002194,8.57,8.66,8.76,8.57,43805,49275285.0,2.22,1.17,0.1,1.01
2016-06-20,002194,8.6,8.63,8.68,8.48,39267,43707228.0,2.31,-0.35,-0.03,0.9
2016-06-21,002194,8.71,8.43,8.74,8.38,42719,47679916.0,4.17,-2.32,-0.2,0.98
2016-06-22,002194,8.41,8.92,8.92,8.33,79227,89469154.0,7.0,5.81,0.49,1.82
2016-06-23,002194,8.97,9.35,9.53,8.81,144865,172180835.0,8.07,4.82,0.43,3.33
2016-06-24,002194,9.17,9.21,9.5,8.74,139007,165049418.0,8.13,-1.5,-0.14,3.2
2016-06-27,002194,9.16,9.46,9.66,9.13,92539,112774837.0,5.75,2.71,0.25,2.13
2016-06-28,002194,9.31,9.91,9.96,9.31,131786,164112856.0,6.87,4.76,0.45,3.03
2016-06-29,002194,9.85,9.96,10.08,9.65,120649,152559640.0,4.34,0.5,0.05,2.78
2016-06-30,002194,9.86,9.95,10.02,9.72,72371,91960886.0,3.01,-0.1,-0.01,1.66
2016-07-01,002194,9.88,9.94,9.96,9.72,66521,84337164.0,2.41,-0.1,-0.01,1.52
2016-07-04,002194,9.86,10.19,10.36,9.76,99955,128920164.0,6.04,2.52,0.25,2.29
2016-07-05,002194,10.15,9.96,10.21,9.96,53275,68730146.0,2.45,-2.26,-0.23,1.22
2016-07-06,002194,9.95,9.93,10.21,9.81,68495,87946150.0,4.02,-0.3,-0.03,1.57
2016-07-07,002194,9.85,10.31,10.33,9.67,121737,156518232.0,6.65,3.83,0.38,2.78
2016-07-08,002194,10.21,10.26,10.41,10.13,73712,96988161.0,2.72,-0.48,-0.05,1.69
2016-07-11,002194,10.21,10.3,10.66,10.17,99508,133403163.0,4.78,0.39,0.04,2.28
2016-07-12,002194,10.31,10.85,10.95,10.2,134555,182071923.0,7.28,5.34,0.55,3.08
2016-07-13,002194,10.82,11.26,11.4,10.76,117055,166539329.0,5.9,3.78,0.41,2.68
2016-07-14,002194,11.21,11.16,11.25,10.95,56186,79343295.0,2.66,-0.89,-0.1,1.29
2016-07-15,002194,11.21,11.49,11.53,10.82,133066,190601952.0,6.36,2.96,0.33,3.04
2016-07-18,002194,11.33,11.59,11.8,11.13,112107,163913602.0,5.83,0.87,0.1,2.56
2016-07-19,002194,11.46,11.42,11.61,10.99,105606,152650900.0,5.35,-1.47,-0.17,2.42
2016-07-20,002194,11.35,11.28,11.62,11.13,49933,72285846.0,4.29,-1.23,-0.14,1.14
2016-07-21,002194,11.26,11.33,11.42,11.16,38638,55739675.0,2.3,0.44,0.05,0.88
2016-07-22,002194,11.26,11.31,11.36,11.11,44307,63534560.0,2.21,-0.18,-0.02,1.01
2016-07-25,002194,11.22,11.07,11.31,10.88,51769,73097805.0,3.8,-2.12,-0.24,1.18
2016-07-26,002194,11.04,11.76,11.77,11.02,91972,134881179.0,6.78,6.23,0.69,2.1
2016-07-27,002194,11.76,11.66,12.04,11.11,155689,229411712.0,7.91,-0.85,-0.1,3.56
2016-07-28,002194,11.61,11.59,11.76,11.19,95023,139143492.0,4.89,-0.6,-0.07,2.17
2016-07-29,002194,11.47,11.95,12.01,11.47,77418,116370914.0,4.66,3.11,0.36,1.77
2016-08-01,002194,11.75,11.63,11.91,11.11,50516,74448858.0,6.69,-2.68,-0.32,1.16
2016-08-02,002194,11.62,11.63,11.7,11.18,50981,74175547.0,4.47,0.0,0.0,1.17
2016-08-03,002194,11.53,11.56,11.65,11.36,26708,39235766.0,2.49,-0.6,-0.07,0.61
2016-08-04,002194,11.62,12.11,12.18,11.48,90166,136918008.0,6.06,4.76,0.55,2.06
2016-08-05,002194,12.01,11.96,12.27,11.8,46433,71004904.0,3.88,-1.24,-0.15,1.06
2016-08-08,002194,11.99,12.84,12.95,11.83,115749,182768063.0,9.36,7.36,0.88,2.65
2016-08-09,002194,12.97,13.17,13.19,12.58,129608,211190511.0,4.75,2.57,0.33,2.96
2016-08-10,002194,13.13,13.16,13.29,12.9,89338,147537547.0,2.96,-0.08,-0.01,2.04
2016-08-11,002194,13.13,13.06,13.38,12.58,102243,168509491.0,6.08,-0.76,-0.1,2.34
2016-08-12,002194,12.92,13.55,13.66,12.79,130364,219067080.0,6.66,3.75,0.49,2.98
2016-08-15,002194,13.51,13.5,13.85,13.05,147429,249011044.0,5.9,-0.37,-0.05,3.37
2016-08-16,002194,13.26,13.33,13.5,13.05,97647,163342324.0,3.33,-1.26,-0.17,2.23
2016-08-17,002194,13.23,13.16,13.32,13.01,66448,110444191.0,2.33,-1.28,-0.17,1.52
2016-08-18,002194,13.17,12.72,13.17,12.51,97185,156700272.0,5.02,-3.34,-0.44,2.22
2016-08-19,002194,12.63,13.41,13.51,12.61,108340,180660017.0,7.08,5.42,0.69,2.48
2016-08-22,002194,13.41,13.26,13.7,12.97,79865,134308982.0,5.44,-1.12,-0.15,1.83
2016-08-23,002194,13.17,13.26,13.61,13.04,94432,159493612.0,4.3,0.0,0.0,2.16
2016-08-24,002194,13.14,13.25,13.56,13.13,62701,105467383.0,3.24,-0.08,-0.01,1.43
2016-08-25,002194,13.18,13.28,13.38,12.98,61943,103058309.0,3.02,0.23,0.03,1.42
2016-08-26,002194,13.28,13.2,13.31,13.0,65619,108774403.0,2.33,-0.6,-0.08,1.5
2016-08-29,002194,13.05,13.24,13.32,12.96,56638,94343894.0,2.73,0.3,0.04,1.3
2016-08-30,002194,13.3,13.26,13.33,13.14,67986,113883252.0,1.44,0.15,0.02,1.55
2016-08-31,002194,13.21,13.11,13.3,13.04,125501,208496700.0,1.96,-1.13,-0.15,2.87
2016-09-01,002194,13.11,13.25,13.38,12.97,134871,224461591.0,3.13,1.07,0.14,3.08
2016-09-02,002194,13.25,13.59,13.88,12.89,102541,170789593.0,7.47,2.57,0.34,2.35
2016-09-05,002194,13.49,14.04,14.12,13.32,124829,215277482.0,5.89,3.31,0.45,2.85
2016-09-06,002194,13.95,14.26,14.36,13.59,122382,215916899.0,5.48,1.57,0.22,2.8
2016-09-07,002194,14.21,14.2,14.35,12.76,92468,164570309.0,11.15,-0.42,-0.06,2.11
2016-09-08,002194,14.13,14.11,14.26,13.89,54551,96682299.0,2.61,-0.63,-0.09,1.25
2016-09-09,002194,14.11,14.7,14.74,14.01,92684,168334936.0,5.17,4.18,0.59,2.12
2016-09-12,002194,14.81,14.3,14.81,13.86,86160,155269947.0,6.46,-2.72,-0.4,1.97
2016-09-13,002194,14.61,14.26,14.61,13.97,44315,79695030.0,4.48,-0.28,-0.04,1.01
2016-09-14,002194,14.16,13.82,14.28,13.66,165969,294152848.0,4.35,-3.09,-0.44,3.8
2016-09-19,002194,13.86,14.0,14.04,13.47,55693,96766655.0,4.12,1.3,0.18,1.27
2016-09-20,002194,13.99,13.66,13.99,13.56,50234,86968529.0,3.07,-2.43,-0.34,1.15
2016-09-21,002194,13.82,13.37,13.82,13.26,57015,97052073.0,4.1,-2.12,-0.29,1.3
2016-09-22,002194,13.46,13.41,13.56,13.16,51660,87093596.0,2.99,0.3,0.04,1.18
2016-09-23,002194,13.42,13.46,13.46,13.2,69257,116802888.0,1.94,0.37,0.05,1.58
2016-09-26,002194,13.59,13.29,13.59,12.81,61142,101909837.0,5.79,-1.26,-0.17,1.4
2016-09-27,002194,13.16,13.28,13.35,13.1,50999,85162094.0,1.88,-0.08,-0.01,1.17
2016-09-28,002194,13.38,13.18,13.38,13.11,49408,82354100.0,2.03,-0.75,-0.1,1.13
2016-09-29,002194,13.19,13.25,13.28,13.04,68319,113518303.0,1.82,0.53,0.07,1.56
2016-09-30,002194,13.2,13.52,13.54,13.17,64134,108460938.0,2.79,2.04,0.27,1.47
2016-10-10,002194,13.66,13.88,13.92,13.46,75587,131113818.0,3.4,2.66,0.36,1.73
2016-10-11,002194,13.95,13.87,14.01,13.71,48284,84210249.0,2.16,-0.07,-0.01,1.1
2016-10-12,002194,13.86,14.57,14.81,13.61,104616,185386186.0,8.65,5.05,0.7,2.39
2016-10-13,002194,14.51,14.81,14.93,14.3,77063,141658068.0,4.32,1.65,0.24,1.76
2016-10-14,002194,14.81,15.2,15.38,14.66,56698,106731289.0,4.86,2.63,0.39,1.3
2016-10-17,002194,15.19,15.84,16.26,15.05,78081,152145051.0,7.96,4.21,0.64,1.79
2016-10-18,002194,15.87,16.26,16.37,15.74,81076,162573619.0,3.98,2.65,0.42,1.85
2016-10-19,002194,16.26,16.63,16.8,15.94,81571,166886614.0,5.29,2.28,0.37,1.87
2016-10-20,002194,16.55,16.63,16.64,16.13,90952,187481673.0,3.07,0.0,0.0,2.08
2016-10-21,002194,16.54,16.58,16.63,15.88,85030,173404475.0,4.51,-0.3,-0.05,1.94
2016-10-24,002194,16.38,16.12,16.38,15.98,58052,117030368.0,2.41,-2.77,-0.46,1.33
2016-10-25,002194,16.1,15.18,16.16,15.13,91461,177760396.0,6.39,-5.83,-0.94,2.09
2016-10-26,002194,15.17,15.34,15.51,14.82,207940,399206288.0,4.55,1.05,0.16,4.76
2016-10-27,002194,15.36,14.88,15.46,14.3,147699,274639648.0,7.56,-3.0,-0.46,3.38
2016-10-28,002194,14.71,14.38,14.81,14.34,156697,288776752.0,3.16,-3.36,-0.5,3.58
2016-10-31,002194,14.38,14.42,14.58,14.06,85262,153598016.0,3.62,0.28,0.04,1.95
2016-11-01,002194,14.37,14.05,14.4,13.66,134474,236784427.0,5.13,-2.57,-0.37,3.08
2016-11-02,002194,13.85,13.3,13.86,13.17,138977,236125276.0,4.91,-5.34,-0.75,3.18
2016-11-03,002194,13.32,13.25,13.54,13.21,116120,196212251.0,2.48,-0.38,-0.05,2.66
2016-11-04,002194,13.29,13.46,13.5,13.19,108267,182165648.0,2.34,1.58,0.21,2.48
2016-11-07,002194,13.44,13.47,13.5,13.21,152980,257463617.0,2.15,0.07,0.01,3.5
2016-11-08,002194,13.44,13.46,13.49,13.24,64793,109614319.0,1.86,-0.07,-0.01,1.48
2016-11-09,002194,13.46,13.59,13.77,13.42,109464,187913293.0,2.6,0.97,0.13,2.5
2016-11-10,002194,13.64,13.93,13.93,13.64,155701,271414112.0,2.13,2.5,0.34,3.56
2016-11-11,002194,14.06,14.99,15.11,13.88,189065,342597360.0,8.83,7.61,1.06,4.32
2016-11-14,002194,14.96,14.71,14.96,14.43,154422,285492560.0,3.54,-1.87,-0.28,3.53
2016-11-15,002194,14.61,15.61,15.8,14.49,235003,447033968.0,8.91,6.12,0.9,5.37
2016-11-16,002194,15.56,15.28,15.56,15.04,162829,311829984.0,3.33,-2.11,-0.33,3.72
2016-11-17,002194,15.13,14.56,15.17,14.5,155030,288312048.0,4.38,-4.71,-0.72,3.55
2016-11-18,002194,14.45,14.09,14.45,13.71,191791,337270832.0,5.08,-3.23,-0.47,4.39
2016-11-21,002194,14.13,13.84,14.13,13.56,166900,290120832.0,4.05,-1.77,-0.25,3.82
2016-11-22,002194,13.71,13.85,13.88,13.65,158798,275461040.0,1.66,0.07,0.01,3.63
2016-11-23,002194,13.86,13.71,14.01,13.71,133107,232096706.0,2.17,-1.01,-0.14,3.04
2016-11-24,002194,13.61,13.46,13.78,13.23,172913,295640768.0,4.01,-1.82,-0.25,3.95
2016-11-25,002194,13.49,13.26,13.49,12.96,119255,198160477.0,3.94,-1.49,-0.2,2.73
2016-11-28,002194,13.31,13.21,13.36,13.08,89811,149405775.0,2.11,-0.38,-0.05,2.05
2016-11-29,002194,13.16,13.12,13.16,12.95,86452,142689129.0,1.59,-0.68,-0.09,1.98
2016-11-30,002194,13.05,13.73,13.77,13.05,237999,406547552.0,5.49,4.65,0.61,5.44
2016-12-01,002194,13.63,13.8,13.88,13.42,233242,402492112.0,3.35,0.51,0.07,5.33
2016-12-02,002194,13.63,13.17,13.78,13.17,153363,259954374.0,4.42,-4.57,-0.63,3.51
2016-12-05,002194,12.83,12.78,13.14,12.63,104896,170484651.0,3.87,-2.96,-0.39,2.4
2016-12-06,002194,12.78,12.21,12.88,12.13,125578,198084278.0,5.87,-4.46,-0.57,2.87
2016-12-07,002194,12.16,12.44,12.88,12.06,259691,407358272.0,6.72,1.88,0.23,5.94
2016-12-08,002194,12.42,11.51,12.46,11.13,275456,415773184.0,10.69,-7.48,-0.93,6.3
2016-12-09,002194,11.45,11.51,11.62,11.18,157682,228549516.0,3.82,0.0,0.0,3.61
2016-12-12,002194,11.34,10.43,11.41,10.29,175584,242400529.0,9.73,-9.38,-1.08,4.02
2016-12-13,002194,10.34,10.38,10.55,10.13,104920,139566958.0,4.03,-0.48,-0.05,2.4
2016-12-14,002194,10.36,10.61,10.61,10.17,97991,130909703.0,4.24,2.22,0.23,2.24
2016-12-15,002194,10.58,10.54,10.8,10.47,125377,170120948.0,3.11,-0.66,-0.07,2.87
2016-12-16,002194,10.58,10.69,10.72,10.38,102699,139074678.0,3.23,1.42,0.15,2.35
2016-12-19,002194,10.71,10.6,10.71,10.47,62663,84561630.0,2.25,-0.84,-0.09,1.43
2016-12-20,002194,10.53,10.61,10.66,10.42,61032,82364820.0,2.26,0.09,0.01,1.4
2016-12-21,002194,10.59,10.61,10.67,10.55,56288,76318921.0,1.13,0.0,0.0,1.29
2016-12-22,002194,10.6,10.59,10.86,10.46,113709,154863171.0,3.77,-0.19,-0.02,2.6
2016-12-23,002194,10.51,10.17,10.56,10.16,80783,106925804.0,3.78,-3.97,-0.42,1.85
2016-12-26,002194,10.13,10.13,10.14,9.74,70978,90533705.0,3.93,-0.39,-0.04,1.62
2016-12-27,002194,10.08,10.11,10.2,10.01,45681,59256175.0,1.88,-0.2,-0.02,1.04
2016-12-28,002194,10.05,10.31,10.44,10.05,74523,98210153.0,3.86,1.98,0.2,1.7
2016-12-29,002194,10.3,10.18,10.37,10.16,44123,58065578.0,2.04,-1.26,-0.13,1.01
2016-12-30,002194,10.18,10.01,10.27,9.88,55768,72011060.0,3.83,-1.67,-0.17,1.28
2017-01-03,002194,10.06,10.0,10.09,9.85,50272,64445199.0,2.4,-0.1,-0.01,0.97
2017-01-04,002194,10.05,10.4,10.51,9.95,113237,149090121.0,5.6,4.0,0.4,2.17
2017-01-05,002194,10.39,10.33,10.45,10.28,56928,75531994.0,1.63,-0.67,-0.07,1.09
2017-01-06,002194,10.38,10.21,10.38,10.16,45404,59572083.0,2.13,-1.16,-0.12,0.87
2017-01-09,002194,10.23,10.11,10.33,10.05,55791,72651162.0,2.74,-0.98,-0.1,1.07
2017-01-10,002194,10.13,9.96,10.14,9.91,46737,60001550.0,2.27,-1.48,-0.15,0.9
2017-01-11,002194,9.96,9.77,9.96,9.74,53549,67711190.0,2.21,-1.91,-0.19,1.03
2017-01-12,002194,9.82,9.81,10.02,9.75,48351,61302315.0,2.76,0.41,0.04,0.93
2017-01-13,002194,9.85,9.56,9.94,9.56,47515,59398311.0,3.87,-2.55,-0.25,0.91
2017-01-16,002194,9.6,9.11,9.6,8.53,65590,76889838.0,11.19,-4.71,-0.45,1.26
2017-01-17,002194,8.96,9.17,9.21,8.86,43093,50628980.0,3.84,0.66,0.06,0.83
2017-01-18,002194,9.17,9.16,9.27,9.03,29543,34936938.0,2.62,-0.11,-0.01,0.57
2017-01-19,002194,9.21,9.16,9.23,9.03,35585,42042415.0,2.18,0.0,0.0,0.68
2017-01-20,002194,9.18,9.44,9.53,9.09,61742,74552415.0,4.8,3.06,0.28,1.19
2017-01-23,002194,9.46,9.45,9.53,9.38,26447,32233500.0,1.59,0.11,0.01,0.51
2017-01-24,002194,9.39,9.43,9.48,9.33,22695,27527595.0,1.59,-0.21,-0.02,0.44
2017-01-25,002194,9.42,9.44,9.53,9.35,28280,34374821.0,1.91,0.11,0.01,0.54
2017-01-26,002194,9.49,9.42,9.5,9.38,21596,26257599.0,1.27,-0.21,-0.02,0.41
2017-02-03,002194,9.46,9.42,9.5,9.31,22758,27578180.0,2.02,0.0,0.0,0.44
2017-02-06,002194,9.45,9.48,9.49,9.36,36415,44258106.0,1.38,0.64,0.06,0.7
2017-02-07,002194,9.46,9.32,9.49,9.3,45668,55204554.0,2.0,-1.69,-0.16,0.88
2017-02-08,002194,9.33,9.39,9.39,9.16,44328,53149656.0,2.47,0.75,0.07,0.85
2017-02-09,002194,9.41,9.58,9.6,9.37,74778,91588102.0,2.45,2.02,0.19,1.44
2017-02-10,002194,9.61,9.58,9.76,9.55,57761,71588087.0,2.19,0.0,0.0,1.11
2017-02-13,002194,9.54,9.66,9.66,9.47,43606,53750235.0,1.98,0.84,0.08,0.84
2017-02-14,002194,9.62,9.71,9.81,9.61,67571,84617267.0,2.07,0.52,0.05,1.3
2017-02-15,002194,9.68,9.62,9.82,9.58,54761,68514353.0,2.47,-0.93,-0.09,1.05
2017-02-16,002194,9.57,9.56,9.6,9.43,46936,57528621.0,1.77,-0.62,-0.06,0.9
2017-02-17,002194,9.56,9.39,9.75,9.39,64501,79484641.0,3.77,-1.78,-0.17,1.24
2017-02-20,002194,9.39,9.95,10.4,9.36,149315,192202751.0,11.08,5.96,0.56,2.87
2017-02-21,002194,9.93,10.03,10.26,9.7,117832,149863563.0,5.63,0.8,0.08,2.26
2017-02-22,002194,9.96,9.95,10.08,9.88,67137,85904512.0,1.99,-0.8,-0.08,1.29
2017-02-23,002194,9.97,9.9,10.01,9.86,43283,55074289.0,1.51,-0.5,-0.05,0.83
2017-02-24,002194,9.76,9.87,9.93,9.7,52007,65677538.0,2.32,-0.3,-0.03,1.0
2017-02-27,002194,9.81,10.11,10.3,9.72,112472,144793077.0,5.88,2.43,0.24,2.16
2017-02-28,002194,10.04,10.04,10.19,9.98,57177,73847573.0,2.08,-0.69,-0.07,1.1
2017-03-01,002194,9.95,9.96,10.08,9.9,54786,70122577.0,1.79,-0.8,-0.08,1.05
2017-03-02,002194,9.96,9.83,10.02,9.82,40221,51165888.0,2.01,-1.31,-0.13,0.77
2017-03-03,002194,9.82,9.86,9.96,9.73,39313,49846673.0,2.34,0.31,0.03,0.75
2017-03-06,002194,9.86,10.06,10.11,9.84,64437,83138731.0,2.74,2.03,0.2,1.24
2017-03-07,002194,10.12,10.44,10.6,9.97,132150,174106660.0,6.26,3.78,0.38,2.54
2017-03-08,002194,10.42,10.23,10.42,10.16,82843,108972965.0,2.49,-2.01,-0.21,1.59
2017-03-09,002194,10.19,10.21,10.41,10.15,67243,88523114.0,2.54,-0.2,-0.02,1.29
2017-03-10,002194,10.18,10.11,10.26,10.11,44570,58059989.0,1.47,-0.98,-0.1,0.86
2017-03-13,002194,10.05,10.12,10.16,9.91,45820,59111938.0,2.47,0.1,0.01,0.88
2017-03-14,002194,10.11,10.0,10.21,9.97,39629,51178584.0,2.37,-1.19,-0.12,0.76
2017-03-15,002194,10.0,10.05,10.16,9.99,34898,45105292.0,1.7,0.5,0.05,0.67
2017-03-16,002194,10.03,10.19,10.27,10.01,52693,68786828.0,2.59,1.39,0.14,1.01
2017-03-17,002194,10.18,10.0,10.29,9.95,63894,83052073.0,3.34,-1.86,-0.19,1.23
2017-03-20,002194,9.88,9.96,10.06,9.84,37596,47996243.0,2.2,-0.4,-0.04,0.72
2017-03-21,002194,9.96,9.89,10.04,9.88,28658,36556861.0,1.61,-0.7,-0.07,0.55
2017-03-22,002194,9.86,9.56,9.86,9.49,62963,77682259.0,3.74,-3.34,-0.33,1.21
2017-03-23,002194,9.56,9.43,9.61,9.31,44454,54195731.0,3.14,-1.36,-0.13,0.85
2017-03-24,002194,9.42,9.46,9.46,9.32,27784,33676523.0,1.48,0.32,0.03,0.53
2017-03-27,002194,9.0,8.74,9.2,8.72,104087,120562957.0,5.07,-7.61,-0.72,2.0
2017-03-28,002194,8.74,8.78,8.91,8.72,42383,48403005.0,2.17,0.46,0.04,0.81
2017-03-29,002194,8.78,8.59,8.86,8.57,43117,48614738.0,3.3,-2.16,-0.19,0.83
2017-03-30,002194,8.59,8.34,8.63,8.33,53194,58292985.0,3.49,-2.91,-0.25,1.02
2017-03-31,002194,8.35,8.42,8.45,8.33,27388,29917651.0,1.44,0.96,0.08,0.53
2017-04-05,002194,8.42,8.77,8.83,8.42,44008,49436333.0,4.87,4.16,0.35,0.85
2017-04-06,002194,8.72,8.62,8.82,8.6,40494,45434517.0,2.51,-1.71,-0.15,0.78
2017-04-07,002194,8.66,8.71,8.75,8.54,31461,35343087.0,2.44,1.04,0.09,0.6
2017-04-10,002194,8.7,8.48,8.7,8.46,29216,32448615.0,2.76,-2.64,-0.23,0.56
2017-04-11,002194,8.48,8.63,8.68,8.42,34125,37935992.0,3.07,1.77,0.15,0.66
2017-04-12,002194,8.66,8.57,8.69,8.51,24367,27221946.0,2.09,-0.7,-0.06,0.47
2017-04-13,002194,8.59,8.71,8.76,8.54,27011,30424425.0,2.57,1.63,0.14,0.52
2017-04-14,002194,8.6,8.66,8.71,8.6,19176,21501237.0,1.26,-0.57,-0.05,0.37
2017-04-17,002194,8.56,8.42,8.66,8.34,28330,31326033.0,3.7,-2.77,-0.24,0.54
2017-04-18,002194,8.42,8.58,9.22,8.34,65596,73604350.0,10.45,1.9,0.16,1.26
2017-04-19,002194,8.76,8.03,8.76,7.95,74323,79534343.0,9.44,-6.41,-0.55,1.43
2017-04-20,002194,7.89,7.92,7.96,7.65,41683,42497704.0,3.86,-1.37,-0.11,0.8
2017-04-21,002194,7.82,7.71,8.01,7.67,28078,28638035.0,4.29,-2.65,-0.21,0.54
2017-04-24,002194,7.68,7.14,7.73,7.14,41279,40151990.0,7.65,-7.39,-0.57,0.79
2017-04-25,002194,7.19,7.17,7.35,7.05,26454,25120055.0,4.2,0.42,0.03,0.51
2017-04-26,002194,7.09,6.84,7.12,6.81,52589,48130544.0,4.32,-4.6,-0.33,1.01
2017-04-27,002194,6.84,6.79,6.84,6.27,60721,53220356.0,8.33,-0.73,-0.05,1.17
2017-04-28,002194,6.7,6.92,7.1,6.64,43382,39432089.0,6.77,1.91,0.13,0.83
2017-05-02,002194,6.92,7.01,7.08,6.82,28874,26626801.0,3.76,1.3,0.09,0.55
2017-05-03,002194,7.02,7.02,7.11,6.96,23296,21592880.0,2.14,0.14,0.01,0.45
2017-05-04,002194,7.04,6.96,7.06,6.93,19666,18123346.0,1.85,-0.85,-0.06,0.38
2017-05-05,002194,6.96,6.71,7.0,6.71,18402,16720329.0,4.17,-3.59,-0.25,0.35
2017-05-08,002194,6.74,6.96,7.06,6.57,32182,29288417.0,7.3,3.73,0.25,0.62
2017-05-09,002194,6.96,6.91,7.01,6.77,33631,30528993.0,3.45,-0.72,-0.05,0.65
2017-05-10,002194,6.89,6.9,7.18,6.71,58304,53275838.0,6.8,-0.14,-0.01,1.12
2017-05-11,002194,6.8,6.58,6.84,6.28,58272,50747724.0,8.12,-4.64,-0.32,1.12
2017-05-12,002194,6.55,6.37,6.6,6.31,38309,32845657.0,4.41,-3.19,-0.21,0.74
2017-05-15,002194,6.39,6.38,6.51,6.32,25787,21915998.0,2.98,0.16,0.01,0.5
2017-05-16,002194,6.41,6.61,6.68,6.28,42635,36750366.0,6.27,3.61,0.23,0.82
2017-05-17,002194,6.62,6.67,6.84,6.56,43471,38770886.0,4.24,0.91,0.06,0.83
2017-05-18,002194,6.67,7.13,7.25,6.6,92755,85348658.0,9.75,6.9,0.46,1.78
2017-05-19,002194,7.09,7.05,7.11,6.97,35701,33149599.0,1.96,-1.12,-0.08,0.69
2017-05-22,002194,6.99,6.76,7.04,6.72,32555,29621008.0,4.54,-4.11,-0.29,0.63
2017-05-23,002194,6.71,6.55,6.82,6.54,23821,20994063.0,4.14,-3.11,-0.21,0.46
2017-05-24,002194,6.55,6.72,6.79,6.39,23722,20951356.0,6.11,2.6,0.17,0.46
2017-05-25,002194,6.67,6.82,6.93,6.59,32411,29154619.0,5.06,1.49,0.1,0.62
2017-05-26,002194,6.81,6.76,6.88,6.56,32034,28630949.0,4.69,-0.88,-0.06,0.62
2017-05-31,002194,6.77,6.8,6.96,6.77,23318,21134641.0,2.81,0.59,0.04,0.45
2017-06-01,002194,6.74,6.64,6.83,6.47,34405,30252432.0,5.29,-2.35,-0.16,0.66
2017-06-02,002194,6.53,6.57,6.65,6.38,28376,24654508.0,4.07,-1.05,-0.07,0.54
2017-06-05,002194,6.55,6.59,6.63,6.49,21369,18674681.0,2.13,0.3,0.02,0.41
2017-06-06,002194,6.57,6.86,7.32,6.5,63679,58265517.0,12.44,4.1,0.27,1.22
2017-06-07,002194,6.82,6.97,7.03,6.81,56136,51384915.0,3.21,1.6,0.11,1.08
2017-06-08,002194,6.95,6.9,7.01,6.87,28578,26200096.0,2.01,-1.0,-0.07,0.55
2017-06-09,002194,6.91,6.94,6.95,6.77,36659,33268384.0,2.61,0.58,0.04,0.7
2017-06-12,002194,6.91,6.81,6.91,6.8,19277,17447885.0,1.59,-1.87,-0.13,0.37
2017-06-13,002194,6.84,6.95,7.01,6.82,31769,29127776.0,2.79,2.06,0.14,0.61
2017-06-14,002194,6.96,6.92,7.01,6.89,22274,20426668.0,1.73,-0.43,-0.03,0.43
2017-06-15,002194,6.92,7.01,7.15,6.91,58319,54087604.0,3.47,1.3,0.09,1.12
2017-06-16,002194,7.03,6.96,7.05,6.93,29391,27081002.0,1.71,-0.71,-0.05,0.56
2017-06-19,002194,6.9,6.98,7.01,6.82,37357,34207495.0,2.73,0.29,0.02,0.72
2017-06-20,002194,6.96,6.92,7.11,6.91,31061,28669195.0,2.87,-0.86,-0.06,0.6
2017-06-21,002194,6.92,6.91,6.96,6.82,26351,24001446.0,2.02,-0.14,-0.01,0.51
2017-06-22,002194,6.92,6.71,6.94,6.66,37385,33693219.0,4.05,-2.89,-0.2,0.72
2017-06-23,002194,6.66,6.72,6.86,6.45,51564,45245000.0,6.11,0.15,0.01,0.99
2017-06-26,002194,6.68,6.72,6.75,6.61,19756,17550184.0,2.08,0.0,0.0,0.38
2017-06-27,002194,6.72,6.73,6.76,6.67,19061,17007965.0,1.34,0.15,0.01,0.37
2017-06-28,002194,6.76,6.66,6.76,6.66,12096,10739584.0,1.49,-1.04,-0.07,0.23
2017-06-29,002194,6.71,6.7,6.76,6.67,15158,13494089.0,1.35,0.6,0.04,0.29
2017-06-30,002194,6.71,6.67,6.71,6.64,13054,11546299.0,1.04,-0.45,-0.03,0.25
2017-07-03,002194,6.65,6.69,6.7,6.64,16507,14602182.0,0.9,0.3,0.02,0.32
2017-07-04,002194,6.7,6.68,6.7,6.65,15351,13575397.0,0.75,-0.15,-0.01,0.29
2017-07-05,002194,6.68,6.91,7.08,6.65,69117,63002625.0,6.44,3.44,0.23,1.33
2017-07-06,002194,6.86,6.81,6.92,6.72,45096,40671415.0,2.89,-1.45,-0.1,0.86
2017-07-07,002194,6.81,6.83,6.85,6.74,21761,19573743.0,1.62,0.29,0.02,0.42
2017-07-10,002194,6.78,6.76,6.83,6.75,23840,21397023.0,1.17,-1.02,-0.07,0.46
2017-07-11,002194,6.71,6.6,6.76,6.6,26209,23257031.0,2.37,-2.37,-0.16,0.5
2017-07-12,002194,6.61,6.49,6.66,6.42,31894,27555725.0,3.64,-1.67,-0.11,0.61
2017-07-13,002194,6.48,6.52,6.57,6.43,15986,13839296.0,2.16,0.46,0.03,0.31
2017-07-14,002194,6.47,6.43,6.54,6.43,16897,14559933.0,1.69,-1.38,-0.09,0.32
2017-07-17,002194,6.39,5.86,6.39,5.8,49526,39788740.0,9.18,-8.86,-0.57,0.95
2017-07-18,002194,5.86,5.76,5.91,5.6,33029,25483344.0,5.29,-1.71,-0.1,0.63
2017-07-19,002194,5.71,5.81,5.82,5.64,22876,17677262.0,3.13,0.87,0.05,0.44
2017-07-20,002194,5.83,5.82,5.97,5.76,25165,19913803.0,3.61,0.17,0.01,0.48
2017-07-21,002194,5.72,5.81,5.84,5.72,18980,14791873.0,2.06,-0.17,-0.01,0.36
2017-07-24,002194,5.84,5.76,5.84,5.69,21736,16811211.0,2.58,-0.86,-0.05,0.42
2017-07-25,002194,5.76,5.69,5.78,5.64,22817,17515531.0,2.43,-1.22,-0.07,0.44
2017-07-26,002194,5.71,5.69,5.75,5.66,19204,14778148.0,1.58,0.0,0.0,0.37
2017-07-27,002194,5.72,5.89,5.95,5.66,34239,26727012.0,5.1,3.51,0.2,0.66
2017-07-28,002194,5.89,6.06,6.26,5.83,63944,52174508.0,7.3,2.89,0.17,1.23
2017-07-31,002194,6.06,6.03,6.15,5.93,27029,21867569.0,3.63,-0.5,-0.03,0.52
2017-08-01,002194,6.06,6.01,6.06,5.98,20696,16663572.0,1.33,-0.33,-0.02,0.4
2017-08-02,002194,5.98,5.86,6.01,5.84,29517,23402857.0,2.83,-2.5,-0.15,0.57
2017-08-03,002194,5.78,5.86,5.93,5.67,32210,25240662.0,4.44,0.0,0.0,0.62
2017-08-04,002194,5.86,5.8,5.88,5.78,19387,15166490.0,1.71,-1.02,-0.06,0.37
2017-08-07,002194,5.8,5.81,5.84,5.74,14037,10953576.0,1.72,0.17,0.01,0.27
2017-08-08,002194,5.82,5.96,6.01,5.78,36831,29191085.0,3.96,2.58,0.15,0.71
2017-08-09,002194,5.95,5.91,5.96,5.87,21796,17268236.0,1.51,-0.84,-0.05,0.42
2017-08-10,002194,5.86,5.95,6.09,5.86,34144,27260342.0,3.89,0.68,0.04,0.65
2017-08-11,002194,5.91,5.98,6.25,5.81,67948,55136574.0,7.39,0.5,0.03,1.3
2017-08-14,002194,5.87,5.99,6.17,5.72,53518,42778832.0,7.53,0.17,0.01,1.03
2017-08-15,002194,5.98,5.94,5.98,5.9,30893,24581578.0,1.34,-0.83,-0.05,0.59
2017-08-16,002194,6.0,6.02,6.06,5.89,43807,35228990.0,2.86,1.35,0.08,0.84
2017-08-17,002194,6.01,6.7,6.7,5.97,233938,205077500.0,12.13,11.3,0.68,4.49
2017-08-18,002194,6.76,6.71,6.88,6.62,211603,188365273.0,3.88,0.15,0.01,4.06
2017-08-21,002194,6.65,6.69,6.73,6.51,118919,104297993.0,3.28,-0.3,-0.02,2.28
2017-08-22,002194,6.64,6.71,7.06,6.49,155399,140019502.0,8.52,0.3,0.02,2.98
2017-08-23,002194,6.61,6.54,6.61,6.45,76606,66413622.0,2.38,-2.53,-0.17,1.47
2017-08-24,002194,6.48,6.32,6.53,6.3,54262,46384986.0,3.52,-3.36,-0.22,1.04
2017-08-25,002194,6.39,6.61,6.9,6.37,113284,99712983.0,8.39,4.59,0.29,2.17
2017-08-28,002194,6.61,6.94,6.96,6.47,176320,158578261.0,7.41,4.99,0.33,3.38
2017-08-29,002194,6.89,6.76,6.89,6.75,86127,77533418.0,2.02,-2.59,-0.18,1.65
2017-08-30,002194,6.73,6.9,6.94,6.71,86308,78228332.0,3.4,2.07,0.14,1.65
2017-08-31,002194,6.9,6.86,6.96,6.8,60910,55189472.0,2.32,-0.58,-0.04,1.17
2017-09-01,002194,6.89,6.78,6.91,6.73,49315,44322890.0,2.62,-1.17,-0.08,0.95
2017-09-04,002194,6.67,6.69,6.75,6.47,80545,70561682.0,4.13,-1.33,-0.09,1.54
2017-09-05,002194,6.62,6.62,6.76,6.61,41254,36484880.0,2.24,-1.05,-0.07,0.79
2017-09-06,002194,6.6,6.73,6.73,6.54,52714,46511345.0,2.87,1.66,0.11,1.01
2017-09-07,002194,6.71,6.69,6.79,6.67,58382,52099584.0,1.78,-0.59,-0.04,1.12
2017-09-08,002194,6.69,6.73,6.74,6.63,40750,36134456.0,1.64,0.6,0.04,0.78
2017-09-11,002194,6.69,6.85,6.86,6.69,59022,53145881.0,2.53,1.78,0.12,1.13
2017-09-12,002194,6.85,6.7,6.88,6.68,52442,46898308.0,2.92,-2.19,-0.15,1.01
2017-09-13,002194,6.21,6.08,6.32,5.96,214569,175157930.0,5.37,-9.25,-0.62,4.11
2017-09-14,002194,6.0,5.93,6.01,5.9,120348,96018048.0,1.81,-2.47,-0.15,2.31
2017-09-15,002194,5.91,5.86,5.94,5.81,77767,61165696.0,2.19,-1.18,-0.07,1.49
2017-09-18,002194,5.83,5.86,5.89,5.81,46953,36882546.0,1.37,0.0,0.0,0.9
2017-09-19,002194,5.87,5.9,5.94,5.86,52303,41448492.0,1.37,0.68,0.04,1.0
2017-09-20,002194,5.88,5.91,5.91,5.81,45287,35632180.0,1.69,0.17,0.01,0.87
2017-09-21,002194,5.9,6.56,6.56,5.86,216003,184230519.0,11.84,11.0,0.65,4.14
2017-09-22,002194,6.68,7.29,7.29,6.63,364146,335797728.0,10.06,11.13,0.73,6.98
2017-09-25,002194,8.09,8.09,8.09,8.01,217471,229409481.0,1.1,10.97,0.8,4.17
2017-09-26,002194,7.63,8.76,8.94,7.53,673583,716656800.0,17.43,8.28,0.67,12.92
2017-09-27,002194,8.33,9.71,9.71,8.06,629363,724362112.0,18.84,10.84,0.95,12.07
2017-09-28,002194,9.31,10.75,10.75,9.31,748442,981437536.0,14.83,10.71,1.04,14.35
2017-09-29,002194,10.63,11.89,11.89,10.21,615970,875382848.0,15.63,10.6,1.14,11.81
2017-10-31,002194,10.63,10.86,11.48,10.63,686713,949414976.0,7.15,-8.66,-1.03,12.95
2017-11-01,002194,11.21,10.58,11.34,10.09,474387,655125360.0,11.51,-2.58,-0.28,8.95
2017-11-02,002194,9.96,10.14,10.29,9.7,402258,517578704.0,5.58,-4.16,-0.44,7.59
2017-11-03,002194,9.97,9.62,10.11,9.37,371904,463265088.0,7.3,-5.13,-0.52,7.01
2017-11-06,002194,9.44,9.97,10.13,9.31,349522,438876448.0,8.52,3.64,0.35,6.59
2017-11-07,002194,9.85,9.84,10.23,9.66,310187,394796656.0,5.72,-1.3,-0.13,5.85
2017-11-08,002194,9.68,9.88,10.28,9.67,295135,378424320.0,6.2,0.41,0.04,5.57
2017-11-09,002194,9.78,10.2,10.63,9.78,384304,502375824.0,8.6,3.24,0.32,7.25
2017-11-10,002194,10.09,10.66,11.2,9.3,492128,636751984.0,18.63,4.51,0.46,9.28
2017-11-13,002194,10.14,10.1,10.87,9.96,403950,534410448.0,8.54,-5.25,-0.56,7.62
2017-11-14,002194,10.01,10.33,10.54,9.56,366934,470768816.0,9.7,2.28,0.23,6.92
2017-11-15,002194,10.06,11.43,11.43,10.03,557180,778961200.0,13.55,10.65,1.1,10.51
2017-11-16,002194,11.38,11.77,12.59,10.98,601933,898740576.0,14.09,2.97,0.34,11.35
2017-11-17,002194,11.42,11.63,12.25,11.25,464613,701048512.0,8.5,-1.19,-0.14,8.76
2017-11-20,002194,10.71,12.12,12.36,10.45,410046,616621440.0,16.42,4.21,0.49,7.73
2017-11-21,002194,11.98,12.17,12.54,11.64,418143,643488288.0,7.43,0.41,0.05,7.89
2017-11-22,002194,11.93,11.5,12.16,11.37,308647,460947072.0,6.49,-5.51,-0.67,5.82
2017-11-23,002194,11.36,10.65,11.79,10.59,263925,379375456.0,10.43,-7.39,-0.85,4.98
2017-11-24,002194,10.51,10.18,11.13,9.89,253949,344399792.0,11.64,-4.41,-0.47,4.79
2017-11-27,002194,10.28,9.26,10.46,9.13,242257,303574448.0,13.06,-9.04,-0.92,4.57
2017-11-28,002194,9.39,9.71,9.85,9.14,219658,268025181.0,7.67,4.86,0.45,4.14
2017-11-29,002194,9.61,9.31,9.68,9.22,185935,224764110.0,4.74,-4.12,-0.4,3.51
2017-11-30,002194,9.31,9.36,9.65,9.21,170875,207419414.0,4.73,0.54,0.05,3.22
2017-12-01,002194,9.26,10.37,10.37,9.19,312069,396789104.0,12.61,10.79,1.01,5.88
2017-12-04,002194,10.13,10.75,11.14,10.01,380920,518210896.0,10.9,3.66,0.38,7.18
2017-12-05,002194,10.57,10.65,11.09,10.31,274365,378203808.0,7.26,-0.93,-0.1,5.17
2017-12-06,002194,10.72,11.16,11.45,10.42,311423,431412816.0,9.67,4.79,0.51,5.87
2017-12-07,002194,11.09,11.01,11.46,10.87,309828,441354928.0,5.29,-1.34,-0.15,5.84
2017-12-08,002194,10.92,11.13,11.59,10.63,327037,465065456.0,8.72,1.09,0.12,6.17
2017-12-11,002194,10.81,10.58,11.05,10.32,307713,420553680.0,6.56,-4.94,-0.55,5.8
2017-12-12,002194,10.09,9.47,10.09,9.46,324174,402613792.0,5.95,-10.49,-1.11,6.11
2017-12-13,002194,9.3,9.53,9.75,9.19,192325,236539713.0,5.91,0.63,0.06,3.63
2017-12-14,002194,9.6,9.61,9.71,9.47,138470,170852635.0,2.52,0.84,0.08,2.61
2017-12-15,002194,9.69,9.63,9.77,9.49,139471,172792634.0,2.91,0.21,0.02,2.63
2017-12-18,002194,9.46,8.6,9.47,8.6,237005,269477744.0,9.03,-10.7,-1.03,4.47
2017-12-19,002194,8.24,8.99,9.13,7.66,640601,671202816.0,17.09,4.53,0.39,12.08
2017-12-20,002194,8.42,8.26,8.66,8.11,429241,470153792.0,6.12,-8.12,-0.73,8.09
2017-12-21,002194,8.2,8.26,8.59,7.81,297474,322394096.0,9.44,0.0,0.0,5.61
2017-12-22,002194,8.13,7.91,8.31,7.84,250934,262877875.0,5.69,-4.24,-0.35,4.73
2017-12-25,002194,7.91,7.74,8.03,7.69,188187,192648008.0,4.3,-2.15,-0.17,3.55
2017-12-26,002194,7.88,7.82,7.91,7.72,190174,194437486.0,2.45,1.03,0.08,3.59
2017-12-27,002194,7.8,7.91,8.21,7.72,259042,269098176.0,6.27,1.15,0.09,4.88
2017-12-28,002194,7.86,7.77,8.07,7.73,213844,220096529.0,4.3,-1.77,-0.14,4.03
2017-12-29,002194,7.69,7.9,8.03,7.28,301159,304695536.0,9.65,1.67,0.13,5.68
2018-01-02,002194,7.86,7.82,7.94,7.71,161602,165060641.0,2.91,-1.01,-0.08,3.05
2018-01-03,002194,7.87,8.67,8.67,7.8,511603,554407504.0,11.13,10.87,0.85,9.65
2018-01-04,002194,8.51,8.96,9.1,8.45,562606,640124512.0,7.5,3.34,0.29,10.61
2018-01-05,002194,8.8,8.63,8.91,8.56,302607,340620704.0,3.91,-3.68,-0.33,5.71
2018-01-08,002194,8.55,8.62,8.82,8.21,300755,330635552.0,7.07,-0.12,-0.01,5.67
2018-01-09,002194,8.46,8.68,8.84,8.4,278628,311820384.0,5.1,0.7,0.06,5.25
2018-01-10,002194,8.39,8.43,8.8,7.8,359837,389100272.0,11.52,-2.88,-0.25,6.79
2018-01-11,002194,8.17,8.26,8.62,8.06,288350,314568704.0,6.64,-2.02,-0.17,5.44
2018-01-12,002194,8.15,7.88,8.26,7.88,230784,242258160.0,4.6,-4.6,-0.38,4.35
2018-01-15,002194,7.76,7.35,7.86,7.29,209874,208431502.0,7.23,-6.73,-0.53,3.96
2018-01-16,002194,7.21,7.48,7.53,7.21,146714,143092716.0,4.35,1.77,0.13,2.77
2018-01-17,002194,7.63,7.72,7.92,7.61,212555,215759113.0,4.14,3.21,0.24,4.01
2018-01-18,002194,7.63,7.53,7.71,7.47,122442,121504448.0,3.11,-2.46,-0.19,2.31
2018-01-19,002194,7.65,7.39,7.68,7.36,124702,122827259.0,4.25,-1.86,-0.14,2.35
2018-01-22,002194,7.36,7.4,7.46,6.96,134714,128641979.0,6.77,0.14,0.01,2.54
2018-01-23,002194,7.27,7.36,7.61,7.27,91779,89361753.0,4.59,-0.54,-0.04,1.73
2018-01-24,002194,7.35,7.53,7.59,7.22,147762,144096266.0,5.03,2.31,0.17,2.79
2018-01-25,002194,7.49,7.41,7.61,7.36,135272,133188099.0,3.32,-1.59,-0.12,2.55
2018-01-26,002194,7.38,7.21,7.43,7.17,116207,111371442.0,3.51,-2.7,-0.2,2.19
2018-01-29,002194,7.25,6.91,7.27,6.89,117023,108377199.0,5.27,-4.16,-0.3,2.21
2018-01-30,002194,6.8,6.83,7.01,6.8,70240,63974503.0,3.04,-1.16,-0.08,1.32
2018-01-31,002194,6.81,6.23,6.81,6.11,133472,112744423.0,10.25,-8.78,-0.6,2.52
2018-02-01,002194,6.26,5.67,6.27,5.63,143328,113729755.0,10.27,-8.99,-0.56,2.7
2018-02-02,002194,5.63,5.63,5.79,5.31,99280,75049558.0,8.47,-0.71,-0.04,1.87
2018-02-05,002194,5.63,5.86,6.13,5.47,128402,101327767.0,11.72,4.09,0.23,2.42
2018-02-06,002194,5.63,5.26,5.82,5.23,105108,79144264.0,10.07,-10.24,-0.6,1.98
2018-02-07,002194,5.3,5.41,5.5,5.01,109356,79148449.0,9.32,2.85,0.15,2.06
2018-02-08,002194,5.36,6.01,6.01,5.34,106480,83639881.0,12.38,11.09,0.6,2.01
2018-02-09,002194,6.02,6.26,6.69,5.85,337267,283818400.0,13.98,4.16,0.25,6.36
2018-02-12,002194,5.96,6.31,6.59,5.95,246650,205521577.0,10.22,0.8,0.05,4.65
2018-02-13,002194,6.16,5.87,6.26,5.86,198825,161018246.0,6.34,-6.97,-0.44,3.75
2018-02-14,002194,5.89,5.72,6.01,5.68,105673,82790506.0,5.62,-2.56,-0.15,1.99
2018-02-22,002194,5.84,6.31,6.36,5.76,222632,184781973.0,10.49,10.31,0.59,4.2
2018-02-23,002194,6.19,6.26,6.31,6.1,152539,126662391.0,3.33,-0.79,-0.05,2.88
2018-02-26,002194,6.45,6.61,6.71,6.32,243664,212298892.0,6.23,5.59,0.35,4.59
2018-02-27,002194,6.21,6.83,7.35,6.21,331855,294077088.0,17.25,3.33,0.22,6.26
2018-02-28,002194,6.63,6.9,7.1,6.45,264554,238786623.0,9.52,1.02,0.07,4.99
2018-03-01,002194,6.71,6.91,7.08,6.71,221889,203442963.0,5.36,0.14,0.01,4.18
2018-03-02,002194,6.91,6.7,7.05,6.65,174880,158138975.0,5.79,-3.04,-0.21,3.3
2018-03-05,002194,6.71,6.71,6.78,6.52,132037,116386319.0,3.88,0.15,0.01,2.49
2018-03-06,002194,6.65,6.97,7.2,6.57,250252,228928530.0,9.39,3.87,0.26,4.72
2018-03-07,002194,6.84,6.77,6.9,6.74,141331,127456617.0,2.3,-2.87,-0.2,2.67
2018-03-08,002194,6.72,6.67,6.76,6.57,120336,106464274.0,2.81,-1.48,-0.1,2.27
2018-03-09,002194,6.7,7.41,7.41,6.69,334233,311663232.0,10.79,11.09,0.74,6.3
2018-03-12,002194,7.46,7.96,8.21,7.38,520619,527505200.0,11.2,7.42,0.55,9.82
2018-03-13,002194,7.78,7.63,7.92,7.61,290103,292660592.0,3.89,-4.15,-0.33,5.47
2018-03-14,002194,7.63,7.49,7.63,7.43,152442,150195727.0,2.62,-1.83,-0.14,2.87
2018-03-15,002194,7.38,8.08,8.3,7.26,361367,368529216.0,13.89,7.88,0.59,6.81
2018-03-16,002194,7.86,7.77,8.34,7.71,300770,313358832.0,7.8,-3.84,-0.31,5.67
2018-03-19,002194,7.57,7.65,7.88,7.46,185516,186565677.0,5.41,-1.54,-0.12,3.5
2018-03-20,002194,7.47,7.66,7.86,7.46,158577,159255638.0,5.23,0.13,0.01,2.99
2018-03-21,002194,7.59,7.75,8.16,7.59,266709,273133696.0,7.44,1.17,0.09,5.03
2018-03-22,002194,7.67,7.48,7.81,7.46,186274,185401832.0,4.52,-3.48,-0.27,3.51
2018-03-23,002194,7.02,6.66,7.15,6.66,185026,167875339.0,6.55,-10.96,-0.82,3.49
2018-03-26,002194,6.4,6.95,7.08,5.96,183443,160294417.0,16.82,4.35,0.29,3.46
2018-03-27,002194,7.01,7.12,7.38,7.01,194686,184143303.0,5.32,2.45,0.17,3.67
2018-03-28,002194,6.96,6.98,7.38,6.81,171877,161467788.0,8.01,-1.97,-0.14,3.24
2018-03-29,002194,7.06,7.01,7.25,6.89,128982,119582278.0,5.16,0.43,0.03,2.43
2018-03-30,002194,7.24,7.35,7.59,7.05,233243,222882084.0,7.7,4.85,0.34,4.4
2018-04-02,002194,7.38,7.41,7.62,7.22,230576,224773470.0,5.44,0.82,0.06,4.35
2018-04-03,002194,7.21,7.53,7.69,7.07,247944,241416284.0,8.37,1.62,0.12,4.68
2018-04-04,002194,7.44,7.79,7.92,7.41,347606,351822960.0,6.77,3.45,0.26,6.55
2018-04-09,002194,7.43,7.33,7.71,7.23,266958,261790054.0,6.16,-5.91,-0.46,5.03
2018-04-10,002194,7.34,6.96,7.4,6.8,230036,212248815.0,8.19,-5.05,-0.37,4.34
2018-04-11,002194,7.02,6.91,7.06,6.88,129083,119107661.0,2.59,-0.72,-0.05,2.43
2018-04-12,002194,6.8,6.91,7.12,6.8,113669,104337422.0,4.63,0.0,0.0,2.14
2018-04-13,002194,6.91,6.82,6.98,6.81,94445,85616617.0,2.46,-1.3,-0.09,1.78
2018-04-16,002194,6.82,6.66,6.82,6.61,85454,75709979.0,3.08,-2.35,-0.16,1.61
2018-04-17,002194,6.79,6.55,6.88,6.53,86926,77337038.0,5.26,-1.65,-0.11,1.64
2018-04-18,002194,6.68,6.86,6.88,6.08,188228,164104408.0,12.21,4.73,0.31,3.55
2018-04-19,002194,6.81,6.68,6.83,6.67,128041,114391353.0,2.33,-2.62,-0.18,2.41
2018-04-20,002194,6.56,6.64,6.85,6.46,122759,109357309.0,5.84,-0.6,-0.04,2.31
2018-04-23,002194,6.58,6.93,6.97,6.45,201360,181760907.0,7.83,4.37,0.29,3.8
2018-04-24,002194,6.86,6.88,6.93,6.68,187296,168978147.0,3.61,-0.72,-0.05,3.53
2018-04-25,002194,6.7,6.95,7.25,6.65,281243,261152616.0,8.72,1.02,0.07,5.3
2018-04-27,002194,6.56,6.56,6.56,6.56,3333,2906376.0,0.0,-5.61,-0.39,0.06
2018-05-02,002194,6.2,6.2,6.2,6.2,1723,1426644.0,0.0,-5.49,-0.36,0.03
2018-05-03,002194,5.86,5.86,5.86,5.86,1583,1245821.0,0.0,-5.48,-0.34,0.03
2018-05-04,002194,5.53,5.53,5.53,5.53,2320,1735360.0,0.0,-5.63,-0.33,0.04
2018-05-07,002194,5.22,5.22,5.22,5.22,4729,3362319.0,0.0,-5.61,-0.31,0.09
2018-05-08,002194,4.92,4.92,4.92,4.92,7534,5085450.0,0.0,-5.75,-0.3,0.14
2018-05-09,002194,4.64,4.64,4.64,4.64,5580,3576780.0,0.0,-5.69,-0.28,0.11
2018-05-10,002194,4.37,4.37,4.37,4.37,12907,7860363.0,0.0,-5.82,-0.27,0.24
2018-05-11,002194,4.12,4.12,4.12,4.12,27937,16175523.0,0.0,-5.72,-0.25,0.53
2018-05-14,002194,4.01,4.23,4.34,4.01,300051,175520053.0,8.01,2.67,0.11,5.66
2018-05-15,002194,4.11,4.11,4.21,3.98,238234,135341667.0,5.44,-2.84,-0.12,4.49
2018-05-16,002194,4.03,3.86,4.07,3.86,227021,125363911.0,5.11,-6.08,-0.25,4.28
2018-05-17,002194,3.86,3.87,3.94,3.76,156931,85575228.0,4.66,0.26,0.01,2.96
2018-05-18,002194,3.85,3.88,3.91,3.81,106849,58518960.0,2.58,0.26,0.01,2.01
2018-05-21,002194,3.89,3.96,4.02,3.86,135807,76004719.0,4.12,2.06,0.08,2.56
2018-05-22,002194,3.97,4.2,4.2,3.93,115747,66208551.0,6.82,6.06,0.24,2.18
2018-05-23,002194,4.24,4.13,4.37,4.06,215862,127831319.0,7.38,-1.67,-0.07,4.07
2018-05-24,002194,4.13,4.21,4.25,4.07,137710,80437975.0,4.36,1.94,0.08,2.6
2018-05-25,002194,4.16,4.06,4.17,3.97,157297,89293246.0,4.75,-3.56,-0.15,2.97
2018-05-28,002194,4.06,4.03,4.09,3.9,95906,54113594.0,4.68,-0.74,-0.03,1.81
2018-05-29,002194,3.98,3.8,4.08,3.8,132938,72687765.0,6.95,-5.71,-0.23,2.51
2018-05-30,002194,3.62,3.57,3.66,3.57,77763,39956457.0,2.37,-6.05,-0.23,1.47
2018-05-31,002194,3.57,3.47,3.58,3.36,127572,63342122.0,6.16,-2.8,-0.1,2.41
2018-06-01,002194,3.51,3.49,3.55,3.44,70103,35255828.0,3.17,0.58,0.02,1.32
2018-06-04,002194,3.51,3.47,3.51,3.44,40251,20165717.0,2.01,-0.57,-0.02,0.76
2018-06-05,002194,3.47,3.45,3.51,3.41,67004,33376553.0,2.88,-0.58,-0.02,1.26
2018-06-06,002194,3.46,3.53,3.6,3.45,74502,37819154.0,4.35,2.32,0.08,1.4
2018-06-07,002194,3.56,3.45,3.56,3.42,61016,30564790.0,3.97,-2.27,-0.08,1.15
2018-06-08,002194,3.49,3.52,3.55,3.26,98236,48637845.0,8.41,2.03,0.07,1.85
2018-06-11,002194,3.46,3.48,3.56,3.43,40804,20452792.0,3.69,-1.14,-0.04,0.77
2018-06-12,002194,3.5,3.56,3.57,3.43,59105,29842760.0,4.02,2.3,0.08,1.11
2018-06-13,002194,3.59,3.43,3.61,3.4,71888,36114030.0,5.9,-3.65,-0.13,1.36
2018-06-14,002194,3.42,3.39,3.5,3.35,43440,21382828.0,4.37,-1.17,-0.04,0.82
2018-06-15,002194,3.4,3.26,3.44,3.22,61686,29544525.0,6.49,-3.83,-0.13,1.16
2018-06-19,002194,3.22,3.06,3.24,3.06,33058,15091759.0,5.52,-6.13,-0.2,0.62
2018-06-20,002194,3.09,2.92,3.09,2.87,69421,30158982.0,7.19,-4.58,-0.14,1.31
2018-06-21,002194,2.9,2.74,2.95,2.74,75266,31685757.0,7.19,-6.16,-0.18,1.42
2018-06-22,002194,2.66,2.75,2.78,2.63,54712,22436879.0,5.47,0.36,0.01,1.03
2018-06-25,002194,2.75,2.69,2.78,2.66,43357,17780449.0,4.36,-2.18,-0.06,0.82
2018-06-26,002194,2.63,2.7,2.71,2.57,45368,18328442.0,5.2,0.37,0.01,0.86
2018-06-27,002194,2.7,2.71,2.76,2.67,58071,23854528.0,3.33,0.37,0.01,1.1
2018-06-28,002194,2.78,2.7,2.89,2.7,117099,49064048.0,7.01,-0.37,-0.01,2.21
2018-06-29,002194,2.67,2.73,2.74,2.61,69398,28242967.0,4.81,1.11,0.03,1.31
2018-07-02,002194,2.72,2.71,2.75,2.64,47916,19568951.0,4.03,-0.73,-0.02,0.9
2018-07-03,002194,2.7,2.77,2.78,2.66,54089,22291555.0,4.43,2.21,0.06,1.02
2018-07-04,002194,2.75,2.73,2.84,2.66,75375,31195859.0,6.5,-1.44,-0.04,1.42
2018-07-05,002194,2.7,2.56,2.71,2.56,64465,25628884.0,5.49,-6.23,-0.17,1.22
2018-07-06,002194,2.55,2.46,2.56,2.39,82406,31180086.0,6.64,-3.91,-0.1,1.55
2018-07-09,002194,2.47,2.51,2.53,2.42,40808,15612199.0,4.47,2.03,0.05,0.77
2018-07-10,002194,2.51,2.51,2.51,2.46,34702,13283647.0,1.99,0.0,0.0,0.65
2018-07-11,002194,2.47,2.36,2.48,2.35,51730,19170989.0,5.18,-5.98,-0.15,0.98
2018-07-12,002194,2.38,2.47,2.51,2.38,85402,32499397.0,5.51,4.66,0.11,1.61
2018-07-13,002194,2.46,2.42,2.46,2.41,62179,23356422.0,2.02,-2.02,-0.05,1.17
2018-07-16,002194,2.43,2.46,2.53,2.41,49420,18798045.0,4.96,1.65,0.04,0.93
2018-07-17,002194,2.47,2.48,2.52,2.43,59413,22627060.0,3.66,0.81,0.02,1.12
2018-07-18,002194,2.46,2.41,2.5,2.39,72860,27592265.0,4.44,-2.82,-0.07,1.37
2018-07-19,002194,2.41,2.36,2.45,2.35,52407,19453995.0,4.15,-2.07,-0.05,0.99
2018-07-20,002194,2.36,2.4,2.41,2.31,44164,16227509.0,4.24,1.69,0.04,0.83
2018-07-23,002194,2.36,2.41,2.42,2.36,49312,18263376.0,2.5,0.42,0.01,0.93
2018-07-24,002194,2.39,2.47,2.48,2.38,49031,18473129.0,4.15,2.49,0.06,0.92
2018-07-25,002194,2.46,2.53,2.59,2.45,57140,22145597.0,5.67,2.43,0.06,1.08
2018-07-26,002194,2.53,2.58,2.61,2.49,66031,25793963.0,4.74,1.98,0.05,1.25
2018-07-27,002194,2.56,2.55,2.58,2.52,32505,12691701.0,2.33,-1.16,-0.03,0.61
2018-07-30,002194,2.53,2.47,2.56,2.4,47543,18121367.0,6.27,-3.14,-0.08,0.9
2018-07-31,002194,2.46,2.46,2.52,2.41,31152,11792063.0,4.45,-0.4,-0.01,0.59
2018-08-01,002194,2.46,2.43,2.48,2.38,35257,13264814.0,4.07,-1.22,-0.03,0.66
2018-08-02,002194,2.42,2.3,2.42,2.27,69945,25348980.0,6.17,-5.35,-0.13,1.32
2018-08-03,002194,2.34,2.31,2.39,2.29,34243,12442037.0,4.35,0.43,0.01,0.65
2018-08-06,002194,2.31,2.31,2.32,2.25,32295,11576837.0,3.03,0.0,0.0,0.61
2018-08-07,002194,2.37,2.32,2.37,2.29,49311,17873941.0,3.46,0.43,0.01,0.93
2018-08-08,002194,2.35,2.28,2.36,2.24,52778,18954894.0,5.17,-1.72,-0.04,1.0
2018-08-09,002194,2.3,2.32,2.34,2.26,42118,15242879.0,3.51,1.75,0.04,0.79
2018-08-10,002194,2.31,2.36,2.36,2.29,40435,14682162.0,3.02,1.72,0.04,0.76
2018-08-13,002194,2.37,2.4,2.41,2.32,61472,22688823.0,3.81,1.69,0.04,1.16
2018-08-14,002194,2.36,2.37,2.45,2.36,46284,17234102.0,3.75,-1.25,-0.03,0.87
2018-08-15,002194,2.4,2.31,2.4,2.29,37067,13557398.0,4.64,-2.53,-0.06,0.7
2018-08-16,002194,2.3,2.45,2.46,2.28,169534,63919422.0,7.79,6.06,0.14,3.2
2018-08-17,002194,2.43,2.37,2.43,2.33,99651,36823332.0,4.08,-3.27,-0.08,1.88
2018-08-20,002194,2.36,2.39,2.41,2.3,60663,22192687.0,4.64,0.84,0.02,1.14
2018-08-21,002194,2.39,2.41,2.44,2.34,75608,28141304.0,4.18,0.84,0.02,1.43
2018-08-22,002194,2.4,2.39,2.56,2.37,102727,38844045.0,7.88,-0.83,-0.02,1.94
2018-08-23,002194,2.37,2.55,2.55,2.35,181078,69088020.0,8.37,6.69,0.16,3.41
2018-08-24,002194,2.52,2.47,2.56,2.45,122561,47080430.0,4.31,-3.14,-0.08,2.31
2018-08-27,002194,2.46,2.63,2.63,2.46,120062,47427703.0,6.88,6.48,0.16,2.26
2018-08-28,002194,2.66,2.8,2.8,2.66,83714,34809210.0,5.32,6.46,0.17,1.58
2018-08-29,002194,2.92,2.8,2.92,2.72,174813,73670778.0,7.14,0.0,0.0,3.3
2018-08-30,002194,2.77,2.74,2.82,2.71,100392,41607636.0,3.93,-2.14,-0.06,1.89
2018-08-31,002194,2.71,2.68,2.78,2.62,97243,39566695.0,5.84,-2.19,-0.06,1.83
2018-09-03,002194,2.63,2.56,2.67,2.51,89273,34750001.0,5.97,-4.48,-0.12,1.68
2018-09-04,002194,2.54,2.59,2.64,2.52,65285,25877363.0,4.69,1.17,0.03,1.23
2018-09-05,002194,2.57,2.68,2.76,2.55,161018,65991936.0,8.11,3.47,0.09,3.04
2018-09-06,002194,2.65,2.71,2.75,2.61,89765,36500459.0,5.22,1.12,0.03,1.69
2018-09-07,002194,2.68,2.66,2.72,2.61,66471,26858546.0,4.06,-1.85,-0.05,1.25
2018-09-10,002194,2.66,2.61,2.75,2.6,52800,21302614.0,5.64,-1.88,-0.05,1.0
2018-09-11,002194,2.61,2.59,2.67,2.56,65988,26268731.0,4.21,-0.77,-0.02,1.24
2018-09-12,002194,2.59,2.57,2.62,2.56,37106,14631623.0,2.32,-0.77,-0.02,0.7
2018-09-13,002194,2.59,2.6,2.62,2.54,56848,22368881.0,3.11,1.17,0.03,1.07
2018-09-14,002194,2.61,2.55,2.65,2.53,45666,18087572.0,4.62,-1.92,-0.05,0.86
2018-09-17,002194,2.53,2.39,2.53,2.39,78338,29217909.0,5.49,-6.27,-0.16,1.48
2018-09-18,002194,2.38,2.41,2.42,2.34,45040,16675028.0,3.35,0.84,0.02,0.85
2018-09-19,002194,2.42,2.44,2.46,2.38,46578,17488920.0,3.32,1.24,0.03,0.88
2018-09-20,002194,2.45,2.46,2.55,2.42,44459,17023749.0,5.33,0.82,0.02,0.84
2018-09-21,002194,2.46,2.51,2.52,2.46,39169,15004224.0,2.44,2.03,0.05,0.74
2018-09-25,002194,2.49,2.6,2.66,2.47,70663,27946693.0,7.57,3.59,0.09,1.33
2018-09-26,002194,2.61,2.57,2.65,2.56,54772,21770491.0,3.46,-1.15,-0.03,1.03
2018-09-27,002194,2.59,2.58,2.66,2.56,47710,18968345.0,3.89,0.39,0.01,0.9
2018-09-28,002194,2.58,2.68,2.75,2.58,59787,24327116.0,6.59,3.88,0.1,1.13
2018-10-08,002194,2.6,2.6,2.81,2.56,77489,31386759.0,9.33,-2.99,-0.08,1.46
2018-10-09,002194,2.6,2.63,2.69,2.6,38779,15499808.0,3.46,1.15,0.03,0.73
2018-10-10,002194,2.63,2.6,2.64,2.6,23219,9256647.0,1.52,-1.14,-0.03,0.44
2018-10-11,002194,2.47,2.43,2.55,2.43,41913,15937474.0,4.62,-6.54,-0.17,0.79
2018-10-12,002194,2.36,2.36,2.44,2.27,64181,23305757.0,7.0,-2.88,-0.07,1.21
2018-10-15,002194,2.38,2.4,2.5,2.34,30453,11385271.0,6.78,1.69,0.04,0.57
2018-10-16,002194,2.39,2.39,2.47,2.36,24299,9048802.0,4.58,-0.42,-0.01,0.46
2018-10-17,002194,2.45,2.43,2.45,2.35,21831,8155654.0,4.18,1.67,0.04,0.41
2018-10-18,002194,2.39,2.34,2.41,2.31,23244,8557030.0,4.12,-3.7,-0.09,0.44
2018-10-19,002194,2.32,2.41,2.42,2.27,25538,9454653.0,6.41,2.99,0.07,0.48
2018-10-22,002194,2.47,2.56,2.57,2.46,63991,25046651.0,4.56,6.22,0.15,1.21
2018-10-23,002194,2.55,2.58,2.68,2.51,57029,22665616.0,6.64,0.78,0.02,1.08
2018-10-24,002194,2.55,2.53,2.61,2.51,43890,17170927.0,3.88,-1.94,-0.05,0.83
2018-10-25,002194,2.38,2.48,2.5,2.37,44303,16520379.0,5.14,-1.98,-0.05,0.84
2018-10-26,002194,2.51,2.59,2.63,2.47,47497,18648554.0,6.45,4.44,0.11,0.9
2018-10-29,002194,2.59,2.65,2.68,2.56,43034,17208700.0,4.63,2.32,0.06,0.81
2018-10-30,002194,2.65,2.76,2.81,2.65,95847,39570508.0,6.04,4.15,0.11,1.81
2018-10-31,002194,2.94,2.94,2.94,2.94,15272,6673864.0,0.0,6.52,0.18,0.29
2018-11-01,002194,3.12,3.12,3.12,3.12,3909,1794231.0,0.0,6.12,0.18,0.07
2018-11-02,002194,3.31,3.31,3.31,3.31,6171,2974422.0,0.0,6.09,0.19,0.12
2018-11-05,002194,3.51,3.51,3.51,3.51,3351,1695611.0,0.0,6.04,0.2,0.06
2018-11-06,002194,3.72,3.35,3.72,3.31,230064,115200435.0,11.68,-4.56,-0.16,4.34
2018-11-07,002194,3.34,3.55,3.55,3.33,152547,77380486.0,6.57,5.97,0.2,2.88
2018-11-08,002194,3.55,3.76,3.76,3.51,61437,32402470.0,7.04,5.92,0.21,1.16
2018-11-09,002194,3.91,3.66,3.96,3.63,203971,110527633.0,8.78,-2.66,-0.1,3.85
2018-11-12,002194,3.63,3.87,3.87,3.63,126626,68564633.0,6.56,5.74,0.21,2.39
2018-11-13,002194,3.95,4.01,4.1,3.88,181385,102919580.0,5.68,3.62,0.14,3.42
2018-11-14,002194,4.0,3.99,4.2,3.88,128674,72880409.0,7.98,-0.5,-0.02,2.43
2018-11-15,002194,3.94,3.94,4.05,3.87,86005,47935623.0,4.51,-1.25,-0.05,1.62
2018-11-16,002194,4.05,4.17,4.17,4.01,106879,61916111.0,4.06,5.84,0.23,2.02
2018-11-19,002194,4.23,4.41,4.41,4.22,95651,58473028.0,4.56,5.76,0.24,1.8
2018-11-20,002194,4.55,4.67,4.67,4.55,97789,62911665.0,2.72,5.9,0.26,1.84
2018-11-21,002194,4.65,4.94,4.94,4.51,159936,105504897.0,9.21,5.78,0.27,3.02
2018-11-22,002194,5.13,5.22,5.22,5.01,80802,56906278.0,4.25,5.67,0.28,1.52
2018-11-23,002194,5.51,5.21,5.52,5.14,221823,160580533.0,7.28,-0.19,-0.01,4.18
2018-11-26,002194,5.21,4.92,5.21,4.92,34407,23495960.0,5.57,-5.57,-0.29,0.65
2018-11-27,002194,4.64,4.64,4.64,4.64,34247,21952327.0,0.0,-5.69,-0.28,0.65
2018-11-28,002194,4.46,4.91,4.91,4.46,151894,100168146.0,9.7,5.82,0.27,2.86
2018-11-29,002194,5.11,4.62,5.19,4.62,191730,128318598.0,11.61,-5.91,-0.29,3.62
2018-11-30,002194,4.61,4.74,4.8,4.41,90189,57981612.0,8.44,2.6,0.12,1.7
2018-12-03,002194,4.96,4.86,5.01,4.8,105147,70942695.0,4.43,2.53,0.12,1.98
2018-12-04,002194,5.03,4.91,5.04,4.85,84700,57171900.0,3.91,1.03,0.05,1.6
2018-12-05,002194,4.78,4.66,4.86,4.62,140050,90499045.0,4.89,-5.09,-0.25,2.64
2018-12-06,002194,4.4,4.4,4.4,4.4,25937,15873444.0,0.0,-5.58,-0.26,0.49
2018-12-07,002194,4.14,4.16,4.42,4.14,195483,115327085.0,6.36,-5.45,-0.24,3.69
2018-12-10,002194,4.07,4.18,4.26,3.99,126499,73887698.0,6.49,0.48,0.02,2.39
2018-12-11,002194,4.25,4.42,4.42,4.19,92922,56572387.0,5.5,5.74,0.24,1.75
2018-12-12,002194,4.42,4.35,4.51,4.29,143728,88198134.0,4.98,-1.58,-0.07,3.49
2018-12-13,002194,4.28,4.43,4.59,4.28,115777,71564847.0,7.13,1.84,0.08,2.81
2018-12-14,002194,4.43,4.38,4.48,4.36,72615,44641767.0,2.71,-1.13,-0.05,1.77
2018-12-17,002194,4.46,4.5,4.56,4.35,69837,43209933.0,4.79,2.74,0.12,1.7
2018-12-18,002194,4.39,4.44,4.56,4.39,77851,48274007.0,3.78,-1.33,-0.06,1.89
2018-12-19,002194,4.46,4.42,4.51,4.4,60416,37366326.0,2.48,-0.45,-0.02,1.47
2018-12-20,002194,4.4,4.38,4.49,4.3,54340,33436179.0,4.3,-0.9,-0.04,1.32
2018-12-21,002194,4.4,4.49,4.56,4.34,86926,54161526.0,5.02,2.51,0.11,2.11
2018-12-24,002194,4.43,4.75,4.75,4.43,94679,61083160.0,7.13,5.79,0.26,2.3
2018-12-25,002194,4.73,5.02,5.02,4.65,136787,91729164.0,7.79,5.68,0.27,3.33
2018-12-26,002194,5.13,4.88,5.17,4.84,134929,91949186.0,6.57,-2.79,-0.14,3.28
2018-12-27,002194,4.96,4.65,4.96,4.65,109436,71919109.0,6.35,-4.71,-0.23,2.66
2018-12-28,002194,4.59,4.58,4.77,4.54,63637,41024050.0,4.95,-1.51,-0.07,1.55
2019-01-02,002194,4.58,4.85,4.85,4.5,93935,61542789.0,7.64,5.9,0.27,2.28
2019-01-03,002194,4.84,4.57,4.84,4.57,84677,54755559.0,5.57,-5.77,-0.28,2.06
2019-01-04,002194,4.46,4.6,4.64,4.41,57608,36472907.0,5.03,0.66,0.03,1.4
2019-01-07,002194,4.63,4.73,4.84,4.56,75265,48770312.0,6.09,2.83,0.13,1.83
2019-01-08,002194,4.69,4.8,4.96,4.68,85649,56854403.0,5.92,1.48,0.07,2.08
2019-01-09,002194,4.76,4.85,4.98,4.72,73814,49515920.0,5.42,1.04,0.05,1.79
2019-01-10,002194,4.88,4.86,4.96,4.79,58185,38995218.0,3.51,0.21,0.01,1.41
2019-01-11,002194,4.92,4.94,5.02,4.85,63739,43174116.0,3.5,1.65,0.08,1.55
2019-01-14,002194,4.93,5.01,5.08,4.87,56718,38594014.0,4.25,1.42,0.07,1.38
2019-01-15,002194,4.97,5.26,5.29,4.95,126676,89726711.0,6.79,4.99,0.25,3.08
2019-01-16,002194,5.18,5.56,5.56,5.15,87832,63879515.0,7.79,5.7,0.3,2.14
2019-01-17,002194,5.78,5.53,5.87,5.44,148437,114315827.0,7.73,-0.54,-0.03,3.61
2019-01-18,002194,5.39,5.84,5.84,5.39,145557,112575262.0,8.14,5.61,0.31,3.54
2019-01-21,002194,5.97,6.15,6.16,5.87,171068,139839615.0,4.97,5.31,0.31,4.16
2019-01-22,002194,6.11,5.81,6.11,5.81,147457,117415551.0,4.88,-5.53,-0.34,3.58
2019-01-23,002194,5.75,5.94,6.09,5.66,96897,77023069.0,7.4,2.24,0.13,2.36
2019-01-24,002194,5.91,5.8,6.02,5.66,77556,61063942.0,6.06,-2.36,-0.14,1.89
2019-01-25,002194,5.81,5.57,5.89,5.48,101887,77456693.0,7.07,-3.97,-0.23,2.48
2019-01-28,002194,5.55,5.42,5.63,5.36,71436,52842608.0,4.85,-2.69,-0.15,1.74
2019-01-29,002194,5.42,5.47,5.65,5.35,49305,36806254.0,5.54,0.92,0.05,1.2
2019-01-30,002194,5.57,5.64,5.76,5.51,63096,47907679.0,4.57,3.11,0.17,1.53
2019-01-31,002194,5.62,5.76,5.86,5.61,65956,50976205.0,4.43,2.13,0.12,1.6
2019-02-01,002194,5.83,5.75,5.86,5.68,44364,34331611.0,3.13,-0.17,-0.01,1.08
2019-02-11,002194,5.87,5.88,5.88,5.68,68279,53352606.0,3.48,2.26,0.13,1.66
2019-02-12,002194,5.89,6.21,6.21,5.87,90738,74340670.0,5.78,5.61,0.33,2.21
2019-02-13,002194,6.21,6.24,6.41,6.13,86061,71886988.0,4.51,0.48,0.03,2.09
2019-02-14,002194,6.22,6.16,6.22,6.08,55594,45680948.0,2.24,-1.28,-0.08,1.35
2019-02-15,002194,6.16,6.22,6.44,6.16,59334,49761863.0,4.55,0.97,0.06,1.44
2019-02-18,002194,6.29,6.57,6.57,6.23,97120,83361429.0,5.47,5.63,0.35,2.36
2019-02-19,002194,6.71,6.59,6.94,6.58,109334,98473364.0,5.48,0.3,0.02,2.66
2019-02-20,002194,6.6,6.96,6.96,6.46,92792,83798192.0,7.59,5.61,0.37,2.26
2019-02-21,002194,7.18,7.34,7.34,7.01,136230,130628159.0,4.74,5.46,0.38,3.31
2019-02-22,002194,7.42,7.74,7.74,7.37,151085,151850825.0,5.04,5.45,0.4,3.67
2019-02-25,002194,8.16,8.16,8.16,8.16,37739,40144852.0,0.0,5.43,0.42,0.92
2019-02-26,002194,8.61,7.72,8.61,7.72,71416,75879512.0,10.91,-5.39,-0.44,1.74
2019-02-27,002194,7.42,7.51,8.04,7.3,235693,236655595.0,9.59,-2.72,-0.21,5.73
2019-02-28,002194,7.63,7.87,7.91,7.26,110125,109015201.0,8.66,4.79,0.36,2.68
2019-03-01,002194,7.88,8.3,8.3,7.88,144131,152992038.0,5.34,5.46,0.43,3.5
2019-03-04,002194,8.6,8.75,8.75,8.59,148303,167617719.0,1.93,5.42,0.45,3.61
2019-03-05,002194,8.97,9.22,9.22,8.84,78018,91863722.0,4.34,5.37,0.47,1.9
2019-03-06,002194,9.71,9.72,9.72,9.13,196998,244846058.0,6.4,5.42,0.5,4.79
2019-03-07,002194,9.72,9.63,10.12,9.28,189180,235692216.0,8.64,-0.93,-0.09,4.6
2019-03-08,002194,9.3,9.11,9.71,9.11,198288,236673131.0,6.23,-5.4,-0.52,4.82
2019-03-11,002194,8.98,9.46,9.52,8.98,134832,162984605.0,5.93,3.84,0.35,3.28
2019-03-12,002194,9.56,9.35,9.76,9.2,134356,163018496.0,5.92,-1.16,-0.11,3.27
2019-03-13,002194,9.26,8.85,9.26,8.85,104969,122199021.0,4.39,-5.35,-0.5,2.55
2019-03-14,002194,8.59,8.37,8.65,8.37,58724,64487116.0,3.16,-5.42,-0.48,1.43
2019-03-15,002194,8.45,8.57,8.76,8.44,105524,117993316.0,3.82,2.39,0.2,2.57
2019-03-18,002194,8.71,9.04,9.04,8.7,75049,87133946.0,3.97,5.48,0.47,1.82
2019-03-19,002194,9.46,9.52,9.52,9.43,129591,158889625.0,1.0,5.31,0.48,3.15
2019-03-20,002194,9.88,9.67,9.93,9.11,180956,224357575.0,8.61,1.58,0.15,4.4
2019-03-21,002194,9.71,9.46,9.73,9.32,110102,135611773.0,4.24,-2.17,-0.21,2.68
2019-03-22,002194,9.39,9.97,9.97,9.31,143383,178877463.0,6.98,5.39,0.51,3.49
2019-03-25,002194,9.8,10.46,10.51,9.66,158543,210341689.0,8.53,4.91,0.49,3.85
2019-03-26,002194,10.46,10.23,10.84,9.96,163456,218132840.0,8.41,-2.2,-0.23,3.97
2019-03-27,002194,10.61,10.37,10.61,9.86,113367,150740200.0,7.33,1.37,0.14,2.76
2019-03-28,002194,10.21,10.69,10.83,10.21,108713,147889938.0,5.98,3.09,0.32,2.64
2019-03-29,002194,10.76,10.71,11.01,10.43,120601,165620007.0,5.43,0.19,0.02,2.93
2019-04-01,002194,10.67,10.86,10.93,10.52,137203,188220726.0,3.83,1.4,0.15,3.34
2019-04-02,002194,10.85,11.43,11.43,10.71,142278,203114888.0,6.63,5.25,0.57,3.46
2019-04-03,002194,11.63,12.04,12.04,11.33,134320,202281667.0,6.21,5.34,0.61,3.27
2019-04-04,002194,12.55,12.36,12.67,11.71,214639,336699632.0,7.97,2.66,0.32,5.22
2019-04-08,002194,12.39,13.01,13.01,11.96,168313,267227845.0,8.5,5.26,0.65,4.09
2019-04-09,002194,12.96,13.66,13.7,12.71,125178,213882146.0,7.61,5.0,0.65,3.04
2019-04-10,002194,13.66,14.37,14.37,13.36,190500,338396720.0,7.39,5.2,0.71,4.63
2019-04-11,002194,14.71,15.12,15.12,14.46,143621,271025280.0,4.59,5.22,0.75,3.49
2019-04-12,002194,15.26,15.91,15.91,15.21,229308,452969264.0,4.63,5.22,0.79,5.57
2019-04-15,002194,16.45,16.75,16.75,16.26,70119,146166743.0,3.08,5.28,0.84,1.7
2019-04-16,002194,17.62,17.62,17.62,17.62,12649,27815392.0,0.0,5.19,0.87,0.31
2019-04-17,002194,18.54,18.54,18.54,18.54,4283,9889447.0,0.0,5.22,0.92,0.1
2019-04-18,002194,19.5,17.58,19.5,17.58,318986,725783616.0,10.36,-5.18,-0.96,7.75
2019-04-19,002194,16.66,17.37,18.05,16.66,313700,669892416.0,7.91,-1.19,-0.21,7.63
2019-04-22,002194,16.66,16.47,16.85,16.47,157473,325666704.0,2.19,-5.18,-0.9,3.83
2019-04-23,002194,15.61,15.61,15.61,15.61,16948,33184184.0,0.0,-5.22,-0.86,0.41
2019-04-24,002194,14.8,14.8,14.8,14.8,10694,19890840.0,0.0,-5.19,-0.81,0.26
2019-04-25,002194,14.22,14.82,15.57,14.22,365061,687896608.0,9.12,0.14,0.02,8.88
2019-04-26,002194,14.41,15.6,15.6,14.41,232420,445601840.0,8.03,5.26,0.78,5.65
2019-04-29,002194,15.91,15.96,16.41,15.32,315412,634676736.0,6.99,2.31,0.36,7.67
2019-04-30,002194,15.12,15.12,15.61,15.12,78712,149813424.0,3.07,-5.26,-0.84,1.91
2019-05-06,002194,14.33,14.33,14.33,14.33,3086,5567144.0,0.0,-5.22,-0.79,0.08
2019-05-07,002194,13.58,13.58,14.2,13.58,140897,243033293.0,4.33,-5.23,-0.75,3.43
2019-05-08,002194,12.86,12.86,13.13,12.86,168713,275012448.0,1.99,-5.3,-0.72,4.1
2019-05-09,002194,12.26,12.19,12.59,12.19,46750,72660883.0,3.11,-5.21,-0.67,1.14
2019-05-10,002194,11.81,12.83,12.83,11.55,327263,508886096.0,10.5,5.25,0.64,7.96
2019-05-13,002194,12.38,12.23,12.87,12.18,165199,260863590.0,5.38,-4.68,-0.6,4.02
2019-05-14,002194,11.81,11.92,12.41,11.71,149382,227467781.0,5.72,-2.53,-0.31,3.63
2019-05-15,002194,12.13,11.91,12.26,11.77,131226,200306674.0,4.11,-0.08,-0.01,3.19
2019-05-16,002194,11.91,11.28,11.91,11.28,179206,259017538.0,5.29,-5.29,-0.63,4.36
2019-05-17,002194,11.2,11.58,11.86,11.2,198785,292421344.0,5.85,2.66,0.3,4.83
2019-05-20,002194,11.04,10.98,11.3,10.96,176441,247960428.0,2.94,-5.18,-0.6,4.29
2019-05-21,002194,11.05,11.06,11.41,10.73,125623,178234257.0,6.19,0.73,0.08,3.05
2019-05-22,002194,10.97,11.36,11.62,10.97,157326,227838159.0,5.88,2.71,0.3,3.82
2019-05-23,002194,11.38,10.76,11.39,10.76,117579,163009728.0,5.55,-5.28,-0.6,2.86
2019-05-24,002194,10.24,10.19,10.32,10.19,52628,68879131.0,1.21,-5.3,-0.57,1.28
2019-05-27,002194,9.65,9.66,10.1,9.65,230870,289363408.0,4.42,-5.2,-0.53,5.61
2019-05-28,002194,9.76,10.18,10.18,9.76,122091,158304151.0,4.35,5.38,0.52,2.97
2019-05-29,002194,10.51,10.72,10.72,10.38,62061,84251161.0,3.34,5.3,0.54,1.51
2019-05-30,002194,11.3,11.03,11.3,10.81,289071,411460048.0,4.57,2.89,0.31,7.03
2019-05-31,002194,10.86,11.61,11.61,10.82,135120,198429127.0,7.16,5.26,0.58,3.28
2019-06-03,002194,12.06,12.23,12.23,11.4,250141,381026128.0,7.15,5.34,0.62,6.08
2019-06-04,002194,12.21,12.88,12.88,12.01,279951,450721792.0,7.11,5.31,0.65,6.81
2019-06-05,002194,12.88,13.56,13.56,12.77,195148,328097040.0,6.13,5.28,0.68,4.74
2019-06-06,002194,13.88,12.85,14.28,12.85,343354,586767520.0,10.55,-5.24,-0.71,8.35
2019-06-10,002194,12.39,12.17,12.85,12.17,181548,283937024.0,5.29,-5.29,-0.68,4.41
2019-06-11,002194,11.8,12.0,12.16,11.53,266066,397373456.0,5.18,-1.4,-0.17,6.47
2019-06-12,002194,12.17,12.63,12.63,12.17,90456,143649657.0,3.83,5.25,0.63,2.2
2019-06-13,002194,13.17,12.84,13.3,12.48,254514,418998464.0,6.49,1.66,0.21,6.19
2019-06-14,002194,12.65,12.16,13.02,12.16,141339,222282675.0,6.7,-5.3,-0.68,3.44
2019-06-17,002194,11.8,12.27,12.44,11.63,90911,139813895.0,6.66,0.9,0.11,2.21
2019-06-18,002194,12.26,12.44,12.71,12.13,83831,132795051.0,4.73,1.39,0.17,2.04
2019-06-19,002194,12.93,12.26,13.09,12.17,117910,187507680.0,7.4,-1.45,-0.18,2.87
2019-06-20,002194,12.09,12.04,12.35,11.88,105480,160947961.0,3.83,-1.79,-0.22,2.56
2019-06-21,002194,12.24,12.18,12.41,12.05,85159,131133499.0,2.99,1.16,0.14,2.07
2019-06-24,002194,12.32,11.54,12.32,11.54,115565,172164924.0,6.4,-5.25,-0.64,2.81
2019-06-25,002194,11.18,11.01,11.41,10.96,113592,160493194.0,3.9,-4.59,-0.53,2.76
2019-06-26,002194,10.94,11.59,11.59,10.94,105859,153425325.0,5.9,5.27,0.58,2.57
2019-06-27,002194,11.67,11.86,12.17,11.34,153638,228504623.0,7.16,2.33,0.27,3.74
2019-06-28,002194,11.68,11.35,11.88,11.29,87197,127301973.0,4.97,-4.3,-0.51,2.12
2019-07-01,002194,11.86,11.95,11.95,11.6,156759,235293710.0,3.08,5.29,0.6,4.22
2019-07-02,002194,12.09,12.08,12.5,11.81,145332,223984569.0,5.77,1.09,0.13,3.91
2019-07-03,002194,11.84,11.6,11.96,11.45,100731,148709589.0,4.22,-3.97,-0.48,2.71
2019-07-04,002194,11.48,11.55,11.74,11.26,66996,97560431.0,4.14,-0.43,-0.05,1.8
2019-07-05,002194,11.56,11.6,11.81,11.36,66781,98827893.0,3.9,0.43,0.05,1.8
2019-07-08,002194,11.42,11.01,11.55,11.01,78327,111155566.0,4.66,-5.09,-0.59,2.11
2019-07-09,002194,10.92,11.09,11.25,10.91,42115,59413353.0,3.09,0.73,0.08,1.13
2019-07-10,002194,11.26,11.12,11.26,10.97,36834,52021380.0,2.61,0.27,0.03,0.99
2019-07-11,002194,11.16,11.17,11.3,11.06,38334,54401009.0,2.16,0.45,0.05,1.03
2019-07-12,002194,11.2,11.19,11.24,11.05,30281,42932875.0,1.7,0.18,0.02,0.81
2019-07-15,002194,11.18,11.42,11.57,11.05,56122,80651079.0,4.65,2.06,0.23,1.51
2019-07-16,002194,11.38,12.03,12.03,11.26,85715,128389648.0,6.74,5.34,0.61,2.31
2019-07-17,002194,12.43,12.66,12.66,12.34,82342,130277143.0,2.66,5.24,0.63,2.22
2019-07-18,002194,12.78,12.31,13.24,12.18,173570,276898752.0,8.37,-2.76,-0.35,4.67
2019-07-19,002194,12.13,12.83,12.96,12.13,171734,276199216.0,6.74,4.22,0.52,4.62
2019-07-22,002194,12.67,12.16,12.8,12.16,126098,195854641.0,4.99,-5.22,-0.67,3.39
2019-07-23,002194,12.22,12.34,12.51,12.01,76106,118467556.0,4.11,1.48,0.18,2.05
2019-07-24,002194,12.32,12.45,12.86,12.26,94151,149473379.0,4.86,0.89,0.11,2.53
2019-07-25,002194,12.34,12.61,12.73,12.26,80402,127699438.0,3.78,1.29,0.16,2.16
2019-07-26,002194,12.54,12.93,13.05,12.54,90019,146070044.0,4.04,2.54,0.32,2.42
2019-07-29,002194,12.93,12.87,13.07,12.81,62719,102202984.0,2.01,-0.46,-0.06,1.69
2019-07-30,002194,12.85,12.41,12.96,12.2,99760,159364951.0,5.91,-3.57,-0.46,2.68
2019-07-31,002194,12.34,12.46,12.71,12.33,57824,91399849.0,3.06,0.4,0.05,1.56
2019-08-01,002194,12.36,12.46,12.55,12.26,48284,75767222.0,2.33,0.0,0.0,1.3
2019-08-02,002194,11.81,11.96,12.08,11.81,92174,139262068.0,2.17,-4.01,-0.5,2.48
2019-08-05,002194,11.92,12.03,12.41,11.92,60640,92984802.0,4.1,0.59,0.07,1.63
2019-08-06,002194,11.71,11.8,11.9,11.41,77900,115015674.0,4.07,-1.91,-0.23,2.1
2019-08-07,002194,11.98,11.92,12.15,11.8,59217,90013378.0,2.97,1.02,0.12,1.59
2019-08-08,002194,11.97,12.56,12.56,11.88,74765,115166175.0,5.7,5.37,0.64,2.01
2019-08-09,002194,12.87,12.61,12.96,12.16,114025,182358417.0,6.37,0.4,0.05,3.07
2019-08-12,002194,12.61,12.76,12.89,12.01,93347,148840988.0,6.98,1.19,0.15,2.51
2019-08-13,002194,12.66,13.19,13.44,12.57,136984,226853108.0,6.82,3.37,0.43,3.69
2019-08-15,002194,13.51,14.57,14.57,13.26,101633,178579172.0,9.93,10.46,1.38,2.73
2019-08-16,002194,16.1,16.1,16.1,16.1,14855,29874249.0,0.0,10.5,1.53,0.4
2019-08-19,002194,17.53,17.77,17.77,16.95,654098,1428731088.0,5.09,10.37,1.67,17.6
2019-08-20,002194,18.18,16.77,18.87,16.72,647794,1433609536.0,12.1,-5.63,-1.0,17.43
2019-08-21,002194,15.61,15.83,16.46,15.17,521742,1024578448.0,7.69,-5.61,-0.94,14.04
2019-08-22,002194,15.55,15.29,16.03,14.96,342898,662142064.0,6.76,-3.41,-0.54,9.23
2019-08-23,002194,15.16,15.66,16.01,15.11,325983,640685664.0,5.89,2.42,0.37,8.77
2019-08-26,002194,15.01,16.4,17.13,14.78,412272,840285408.0,15.01,4.73,0.74,11.09
2019-08-27,002194,16.44,16.56,16.66,15.8,341512,693023328.0,5.24,0.98,0.16,9.19
2019-08-28,002194,16.26,15.86,16.58,15.76,245952,497927760.0,4.95,-4.23,-0.7,6.62
2019-08-29,002194,15.51,15.05,15.8,14.98,294438,561492720.0,5.17,-5.11,-0.81,7.92
2019-08-30,002194,15.13,14.75,15.34,14.5,200181,374606352.0,5.58,-1.99,-0.3,5.39
2019-09-02,002194,14.51,15.26,15.56,14.51,206987,390094192.0,7.12,3.46,0.51,5.57
2019-09-03,002194,15.44,15.36,15.9,15.11,224783,435510448.0,5.18,0.66,0.1,6.05
2019-09-04,002194,15.23,15.3,15.31,15.01,164579,311908816.0,1.95,-0.39,-0.06,4.43
2019-09-05,002194,15.45,16.5,16.9,15.41,481680,979718224.0,9.74,7.84,1.2,12.96
2019-09-06,002194,16.34,17.21,17.39,16.17,434862,923588624.0,7.39,4.3,0.71,11.7
2019-09-09,002194,17.36,17.67,18.07,16.91,370843,810992448.0,6.74,2.67,0.46,9.98
2019-09-10,002194,17.41,16.86,17.67,16.76,269018,572096576.0,5.15,-4.58,-0.81,7.24
2019-09-11,002194,16.83,16.39,17.01,16.26,216436,447046592.0,4.45,-2.79,-0.47,5.82
2019-09-12,002194,16.59,18.1,18.1,16.56,297328,658580144.0,9.4,10.43,1.71,8.0
2019-09-16,002194,19.13,19.97,19.97,18.67,403392,969396864.0,7.18,10.33,1.87,10.85
2019-09-17,002194,20.67,20.16,21.97,19.35,798243,2040883904.0,13.12,0.95,0.19,21.48
2019-09-18,002194,20.17,20.65,21.42,19.38,563658,1430954480.0,10.12,2.43,0.49,15.16
2019-09-19,002194,19.17,18.81,19.38,18.51,602408,1406828304.0,4.21,-8.91,-1.84,16.21
2019-09-20,002194,18.76,18.76,19.26,18.1,367578,854628176.0,6.17,-0.27,-0.05,9.89
2019-09-23,002194,18.74,18.11,18.74,17.76,268652,605815200.0,5.22,-3.46,-0.65,7.23
2019-09-24,002194,18.11,19.84,19.99,17.93,518663,1235392176.0,11.37,9.55,1.73,13.95
2019-09-25,002194,19.17,18.42,19.34,18.4,294547,690256208.0,4.74,-7.16,-1.42,7.92
2019-09-26,002194,18.26,17.74,19.11,17.41,274145,625809952.0,9.23,-3.69,-0.68,7.38
2019-09-27,002194,18.09,18.28,18.36,17.34,208417,465096832.0,5.75,3.04,0.54,5.61
2019-09-30,002194,18.51,18.23,18.81,18.17,173358,398293344.0,3.5,-0.27,-0.05,4.66
2019-10-08,002194,18.61,16.85,18.77,16.43,233805,522777424.0,12.84,-7.57,-1.38,6.29
2019-10-09,002194,16.46,17.2,17.39,15.45,219233,456279904.0,11.51,2.08,0.35,5.9
2019-10-10,002194,17.33,18.53,18.69,17.14,292241,660964704.0,9.01,7.73,1.33,7.86
2019-10-11,002194,18.51,17.84,18.63,17.76,254012,572859280.0,4.7,-3.72,-0.69,6.83
2019-10-14,002194,18.26,18.01,18.37,17.88,172341,387715696.0,2.75,0.95,0.17,4.64
2019-10-15,002194,18.01,17.41,18.01,17.03,161080,349540048.0,5.44,-3.33,-0.6,4.33
2019-10-16,002194,17.41,16.96,17.59,16.74,126141,268761600.0,4.88,-2.58,-0.45,3.39
2019-10-17,002194,16.89,17.31,17.57,16.78,125565,268679904.0,4.66,2.06,0.35,3.38
2019-10-18,002194,17.31,17.55,18.34,17.09,197067,435607152.0,7.22,1.39,0.24,5.3
2019-10-21,002194,17.26,16.86,17.26,16.51,134963,283984048.0,4.27,-3.93,-0.69,3.63
2019-10-22,002194,17.0,17.22,17.26,16.76,99633,211358459.0,2.97,2.14,0.36,2.68
2019-10-23,002194,17.24,17.36,17.84,17.05,141880,308489776.0,4.59,0.81,0.14,3.82
2019-10-24,002194,17.67,18.66,18.67,17.36,279195,622614432.0,7.55,7.49,1.3,7.51
2019-10-25,002194,18.24,18.36,18.63,17.86,240625,548002896.0,4.13,-1.61,-0.3,6.47
2019-10-28,002194,18.01,18.71,19.34,18.01,277861,647719184.0,7.24,1.91,0.35,7.48
2019-10-29,002194,18.56,17.81,18.67,17.8,195603,442768256.0,4.65,-4.81,-0.9,5.26
2019-10-30,002194,17.84,17.52,17.91,16.89,122833,266170974.0,5.73,-1.63,-0.29,3.3
2019-10-31,002194,17.67,17.66,18.41,17.55,157813,353122544.0,4.91,0.8,0.14,4.25
2019-11-01,002194,17.17,17.51,17.99,17.16,127324,278337872.0,4.7,-0.85,-0.15,3.43
2019-11-04,002194,17.63,17.74,17.98,17.3,138027,304508336.0,3.88,1.31,0.23,3.71
2019-11-05,002194,17.74,17.59,17.9,17.42,101399,222245158.0,2.71,-0.85,-0.15,2.73
2019-11-06,002194,17.43,17.09,17.76,16.96,113876,245345481.0,4.55,-2.84,-0.5,3.06
2019-11-07,002194,16.93,17.08,17.25,16.93,91482,194777660.0,1.87,-0.06,-0.01,2.46
2019-11-08,002194,17.17,16.41,17.26,16.1,133446,280961936.0,6.79,-3.92,-0.67,3.59
2019-11-11,002194,16.09,15.53,16.11,15.39,158103,310536704.0,4.39,-5.36,-0.88,4.25
2019-11-12,002194,15.51,15.98,16.14,14.9,167493,324907104.0,7.98,2.9,0.45,4.51
2019-11-13,002194,15.71,15.64,15.91,15.56,84571,166074796.0,2.19,-2.13,-0.34,2.28
2019-11-14,002194,15.61,15.95,16.13,15.61,112258,223864118.0,3.32,1.98,0.31,3.02
2019-11-15,002194,15.78,15.96,16.38,15.65,125763,251384503.0,4.58,0.06,0.01,3.38
2019-11-18,002194,15.84,15.81,16.16,15.74,75862,150459359.0,2.63,-0.94,-0.15,2.04
2019-11-19,002194,15.81,16.06,16.31,15.71,112466,225203926.0,3.8,1.58,0.25,3.03
2019-11-20,002194,16.06,15.53,16.14,15.41,107412,211945992.0,4.55,-3.3,-0.53,2.89
2019-11-21,002194,15.4,15.56,15.73,15.1,86711,167556382.0,4.06,0.19,0.03,2.33
2019-11-22,002194,15.51,15.45,16.01,15.31,95440,187039621.0,4.5,-0.71,-0.11,2.57
2019-11-25,002194,15.59,14.98,15.59,14.86,77017,145285182.0,4.72,-3.04,-0.47,2.07
2019-11-26,002194,15.06,14.7,15.33,14.68,68961,128665813.0,4.34,-1.87,-0.28,1.86
2019-11-27,002194,14.78,15.01,15.23,14.6,102361,191582102.0,4.29,2.11,0.31,2.75
2019-11-28,002194,14.86,14.82,14.96,14.7,66150,122619845.0,1.73,-1.27,-0.19,1.78
2019-11-29,002194,14.67,14.81,15.09,14.64,58095,107789290.0,3.04,-0.07,-0.01,1.56
2019-12-02,002194,14.91,15.01,15.17,14.74,73078,136994403.0,2.9,1.35,0.2,1.97
2019-12-03,002194,15.02,15.22,15.22,14.77,74133,139274797.0,3.0,1.4,0.21,1.99
2019-12-04,002194,15.08,15.24,15.4,14.99,82739,157604772.0,2.69,0.13,0.02,2.23
2019-12-05,002194,15.17,15.6,15.9,15.17,132052,256506855.0,4.79,2.36,0.36,3.55
2019-12-06,002194,15.61,16.22,16.28,15.61,184873,369303552.0,4.29,3.97,0.62,4.97
2019-12-09,002194,16.55,15.96,16.55,15.94,150592,303628576.0,3.76,-1.6,-0.26,4.05
2019-12-10,002194,15.76,16.05,16.08,15.59,105216,209003947.0,3.07,0.56,0.09,2.83
2019-12-11,002194,15.92,15.57,16.06,15.53,103336,203519139.0,3.3,-2.99,-0.48,2.78
2019-12-12,002194,15.74,15.69,15.95,15.58,91468,180460562.0,2.38,0.77,0.12,2.46
2019-12-13,002194,15.86,15.79,15.98,15.66,93666,185141282.0,2.04,0.64,0.1,2.52
2019-12-16,002194,16.0,16.23,16.31,15.82,132984,267804050.0,3.1,2.79,0.44,3.58
2019-12-17,002194,16.23,16.52,16.72,16.06,180737,371437312.0,4.07,1.79,0.29,4.86
2019-12-18,002194,16.42,16.35,16.8,16.26,149369,307883984.0,3.27,-1.03,-0.17,4.02
2019-12-19,002194,16.51,16.11,16.51,16.05,103764,209820398.0,2.81,-1.47,-0.24,2.79
2019-12-20,002194,16.09,15.56,16.29,15.55,129615,255372747.0,4.59,-3.41,-0.55,3.49
2019-12-23,002194,15.34,14.86,15.34,14.76,103018,194512996.0,3.73,-4.5,-0.7,2.77
2019-12-24,002194,14.9,15.06,15.15,14.9,61925,116776365.0,1.68,1.35,0.2,1.67
2019-12-25,002194,15.05,15.07,15.23,14.91,65635,124192065.0,2.12,0.07,0.01,1.77
2019-12-26,002194,15.06,15.22,15.46,15.06,76323,145731347.0,2.65,1.0,0.15,2.05
2019-12-27,002194,15.17,14.86,15.3,14.84,86918,163610218.0,3.02,-2.37,-0.36,2.34
2019-12-30,002194,14.88,14.73,14.89,14.18,60405,110854301.0,4.78,-0.87,-0.13,1.63
2019-12-31,002194,14.72,15.46,16.21,14.62,150780,291270672.0,10.79,4.96,0.73,3.67
2020-01-02,002194,15.55,15.64,16.03,15.39,141620,278619232.0,4.14,1.16,0.18,3.44
2020-01-03,002194,15.71,15.58,15.88,15.46,97554,190794376.0,2.69,-0.38,-0.06,2.37
2020-01-06,002194,15.39,15.56,15.73,15.18,96810,187717426.0,3.53,-0.13,-0.02,2.35
2020-01-07,002194,15.58,15.61,15.7,15.45,76996,149790020.0,1.61,0.32,0.05,1.87
2020-01-08,002194,15.63,15.06,15.63,14.99,98962,189259129.0,4.1,-3.52,-0.55,2.41
2020-01-09,002194,15.36,15.73,15.77,15.23,150260,293286032.0,3.59,4.45,0.67,3.65
2020-01-10,002194,15.84,15.74,15.94,15.57,99246,195289651.0,2.35,0.06,0.01,2.41
2020-01-13,002194,15.82,16.77,17.21,15.82,234191,484892384.0,8.83,6.54,1.03,5.69
2020-01-14,002194,16.56,16.37,16.91,16.23,164560,339590928.0,4.05,-2.39,-0.4,4.0
2020-01-15,002194,16.36,16.82,17.01,16.2,187450,391698160.0,4.95,2.75,0.45,4.56
2020-01-16,002194,16.76,16.42,16.81,16.26,127657,262931610.0,3.27,-2.38,-0.4,3.1
2020-01-17,002194,16.35,16.12,16.54,16.09,87515,177660955.0,2.74,-1.83,-0.3,2.13
2020-01-20,002194,16.18,16.28,16.38,16.1,94680,192084903.0,1.74,0.99,0.16,2.3
2020-01-21,002194,16.12,15.64,16.12,15.63,109507,216657572.0,3.01,-3.93,-0.64,2.66
2020-01-22,002194,15.32,15.46,15.58,14.67,108930,207028425.0,5.82,-1.15,-0.18,2.65
2020-01-23,002194,15.11,14.6,15.39,14.16,126975,236229297.0,7.96,-5.56,-0.86,3.09
2020-02-03,002194,13.07,13.07,13.07,13.07,6755,11132240.0,0.0,-10.48,-1.53,0.16
2020-02-04,002194,11.7,12.06,12.26,11.7,229393,347250560.0,4.28,-7.73,-1.01,5.58
2020-02-05,002194,12.26,13.13,13.33,12.26,222819,366187424.0,8.87,8.87,1.07,5.42
2020-02-06,002194,12.67,13.46,13.64,12.51,175807,295017088.0,8.61,2.51,0.33,4.27
2020-02-07,002194,13.44,13.8,13.99,13.34,140232,240744561.0,4.83,2.53,0.34,3.41
2020-02-10,002194,13.44,14.18,14.51,13.42,130359,231063654.0,7.9,2.75,0.38,3.17
2020-02-11,002194,14.22,14.08,14.51,13.83,115358,204707017.0,4.8,-0.71,-0.1,2.8
2020-02-12,002194,13.88,14.25,14.27,13.88,100848,179217866.0,2.77,1.21,0.17,2.45
2020-02-13,002194,14.28,13.92,14.28,13.88,103516,182484482.0,2.81,-2.32,-0.33,2.52
2020-02-14,002194,13.94,14.12,14.3,13.86,106641,189028106.0,3.16,1.44,0.2,2.59
2020-02-17,002194,14.13,14.54,14.71,14.12,149875,271453680.0,4.18,2.97,0.42,3.64
2020-02-18,002194,14.59,15.44,15.67,14.44,225927,430752240.0,8.46,6.19,0.9,5.49
2020-02-19,002194,15.41,16.4,16.84,15.11,316633,637358384.0,11.2,6.22,0.96,7.7
2020-02-20,002194,16.21,16.29,16.34,15.62,254050,507899504.0,4.39,-0.67,-0.11,6.18
2020-02-21,002194,16.28,17.66,17.98,16.01,401895,862902784.0,12.09,8.41,1.37,9.77
2020-02-24,002194,18.76,19.5,19.5,18.65,246864,593666848.0,4.81,10.42,1.84,6.0
2020-02-25,002194,20.34,20.98,21.51,19.09,785587,2023773952.0,12.41,7.59,1.48,19.1
2020-02-26,002194,20.16,18.81,20.16,18.81,548887,1311796336.0,6.43,-10.34,-2.17,13.34
2020-02-27,002194,18.2,18.98,19.44,17.67,345092,800411632.0,9.41,0.9,0.17,8.39
2020-02-28,002194,17.51,19.06,19.84,17.34,401712,920994320.0,13.17,0.42,0.08,9.77
2020-03-02,002194,20.17,21.03,21.03,19.86,242597,622163632.0,6.14,10.34,1.97,5.9
2020-03-03,002194,23.2,21.96,23.2,21.64,843868,2363991904.0,7.42,4.42,0.93,20.51
2020-03-04,002194,21.85,23.01,23.31,20.92,742759,2053713424.0,10.88,4.78,1.05,18.06
2020-03-05,002194,24.2,22.71,25.37,22.3,813102,2421695136.0,13.34,-1.3,-0.3,19.77
2020-03-06,002194,21.66,21.64,22.55,20.63,527562,1409504448.0,8.45,-4.71,-1.07,12.82
2020-03-09,002194,21.16,21.63,22.82,21.01,469123,1278974176.0,8.36,-0.05,-0.01,11.4
2020-03-10,002194,21.25,23.86,23.86,19.8,683701,1913157584.0,18.77,10.31,2.23,16.62
2020-03-11,002194,24.34,24.35,26.24,23.87,800668,2483718704.0,9.93,2.05,0.49,19.46
2020-03-12,002194,22.92,24.84,25.07,22.92,527640,1564312480.0,8.83,2.01,0.49,12.83
2020-03-13,002194,22.91,23.82,25.3,22.91,458064,1373562880.0,9.62,-4.11,-1.02,11.14
2020-03-16,002194,23.82,21.37,23.83,21.37,421340,1157708624.0,10.33,-10.29,-2.45,10.24
2020-03-17,002194,21.4,20.76,22.0,19.26,341637,870547488.0,12.82,-2.85,-0.61,8.31
2020-03-18,002194,21.11,19.71,21.54,19.71,312206,801021696.0,8.82,-5.06,-1.05,7.59
2020-03-19,002194,19.96,21.76,21.76,19.76,480988,1243241200.0,10.15,10.4,2.05,11.69
2020-03-20,002194,22.59,22.26,22.81,21.72,470104,1295978400.0,5.01,2.3,0.5,11.43
2020-03-23,002194,21.6,22.53,23.58,21.6,455736,1283428160.0,8.89,1.21,0.27,11.08
2020-03-24,002194,23.16,23.53,24.5,21.67,542855,1529331872.0,12.56,4.44,1.0,13.2
2020-03-25,002194,23.92,23.13,23.92,22.92,385576,1108658560.0,4.25,-1.7,-0.4,9.37
2020-03-26,002194,22.68,22.39,23.5,22.34,274191,768636384.0,5.02,-3.2,-0.74,6.67
2020-03-27,002194,22.66,21.15,22.83,20.84,292424,786694528.0,8.89,-5.54,-1.24,7.11
2020-03-30,002194,20.26,20.0,20.66,19.35,256308,631290928.0,6.19,-5.44,-1.15,6.23
2020-03-31,002194,20.34,20.0,20.72,19.93,190375,478132944.0,3.95,0.0,0.0,4.63
2020-04-01,002194,19.75,20.09,20.76,19.55,199163,501861088.0,6.05,0.45,0.09,4.84
2020-04-02,002194,20.16,21.19,21.48,19.76,255373,652501120.0,8.56,5.48,1.1,6.21
2020-04-03,002194,20.88,20.21,20.92,20.09,218333,551876608.0,3.92,-4.62,-0.98,5.31
2020-04-07,002194,20.63,21.13,21.17,20.46,223363,576114048.0,3.51,4.55,0.92,5.43
2020-04-08,002194,21.01,21.27,22.24,20.77,280387,749879696.0,6.96,0.66,0.14,6.82
2020-04-09,002194,21.34,20.82,21.48,20.79,195987,509341712.0,3.24,-2.12,-0.45,4.76
2020-04-10,002194,19.89,19.33,20.07,19.17,274114,666436064.0,4.32,-7.16,-1.49,6.66
2020-04-13,002194,18.97,19.09,19.44,18.55,107223,253036404.0,4.6,-1.24,-0.24,2.61
2020-04-14,002194,19.36,19.51,19.51,18.94,114351,273281008.0,2.99,2.2,0.42,2.78
2020-04-15,002194,19.49,18.98,19.67,18.97,136971,326781312.0,3.59,-2.72,-0.53,3.33
2020-04-16,002194,18.91,19.18,19.33,18.67,112821,267171318.0,3.48,1.05,0.2,2.74
2020-04-17,002194,19.59,19.39,19.86,19.24,159820,388240384.0,3.23,1.09,0.21,3.89
2020-04-20,002194,18.82,19.26,19.53,18.59,168944,400128352.0,4.85,-0.67,-0.13,4.11
2020-04-21,002194,19.3,19.46,19.67,18.93,149342,358321952.0,3.84,1.04,0.2,3.63
2020-04-22,002194,19.32,19.3,19.42,19.09,95876,228912861.0,1.7,-0.82,-0.16,2.33
2020-04-23,002194,19.27,18.84,19.41,18.74,120341,283148448.0,3.47,-2.38,-0.46,2.93
2020-04-24,002194,18.86,18.26,19.01,17.92,130606,298871760.0,5.79,-3.08,-0.58,3.17
2020-04-27,002194,18.36,19.75,20.01,18.36,243253,582751024.0,9.04,8.16,1.49,5.91
2020-04-28,002194,19.51,20.14,20.36,18.68,282270,691972320.0,8.51,1.97,0.39,6.86
2020-04-29,002194,20.17,20.21,20.56,19.34,248404,620893328.0,6.06,0.35,0.07,6.04
2020-04-30,002194,20.49,21.28,21.92,20.34,357063,938669712.0,7.82,5.29,1.07,8.68
2020-05-06,002194,20.84,21.71,21.71,20.7,284627,746386976.0,4.75,2.02,0.43,6.92
2020-05-07,002194,22.84,21.45,23.59,21.34,349282,969866048.0,10.36,-1.2,-0.26,8.49
2020-05-08,002194,21.6,22.04,22.61,21.31,260530,706793952.0,6.06,2.75,0.59,6.33
2020-05-11,002194,22.16,21.84,22.34,21.71,191455,521089440.0,2.86,-0.91,-0.2,4.65
2020-05-12,002194,21.53,21.37,21.76,21.09,153502,405964992.0,3.07,-2.15,-0.47,3.73
2020-05-13,002194,21.42,21.41,21.64,21.05,109574,290236656.0,2.76,0.19,0.04,2.66
2020-05-14,002194,21.21,20.76,21.41,20.74,149022,387001712.0,3.13,-3.04,-0.65,3.62
2020-05-15,002194,21.0,21.08,21.28,20.76,122701,320062976.0,2.5,1.54,0.32,2.98
2020-05-18,002194,20.88,20.21,20.88,20.0,174731,439853024.0,4.17,-4.13,-0.87,4.25
2020-05-19,002194,20.33,20.27,20.57,20.18,101178,254851625.0,1.93,0.3,0.06,2.46
2020-05-20,002194,20.27,21.01,21.15,20.24,173357,446170256.0,4.49,3.65,0.74,4.21
2020-05-21,002194,21.09,19.78,21.22,19.76,160806,406268880.0,6.95,-5.85,-1.23,3.91
2020-05-22,002194,19.59,19.79,20.5,19.58,124564,309804224.0,4.65,0.05,0.01,3.03
2020-05-25,002194,19.57,19.09,19.57,18.51,106442,250992378.0,5.36,-3.54,-0.7,2.59
2020-05-26,002194,19.21,19.61,19.62,19.21,80593,194696200.0,2.15,2.72,0.52,1.96
2020-05-27,002194,19.76,19.02,19.81,18.78,99624,236323775.0,5.25,-3.01,-0.59,2.42
2020-05-28,002194,18.8,18.72,19.04,18.25,99780,230162113.0,4.15,-1.58,-0.3,2.43
2020-05-29,002194,18.5,18.76,18.86,18.5,59041,137396195.0,1.92,0.21,0.04,1.44
2020-06-01,002194,19.22,19.88,19.98,18.38,143893,289718624.0,8.53,5.97,1.12,2.92
2020-06-02,002194,19.88,19.86,20.06,19.48,119045,242961768.0,2.92,-0.1,-0.02,2.42
2020-06-03,002194,20.03,21.17,21.66,19.59,294558,631193456.0,10.42,6.6,1.31,5.98
2020-06-04,002194,21.37,20.62,21.37,20.42,154267,329420672.0,4.49,-2.6,-0.55,3.13
2020-06-05,002194,21.02,20.44,21.14,20.18,160886,342485712.0,4.66,-0.87,-0.18,3.27
2020-06-08,002194,20.55,20.46,21.13,20.44,111206,237747106.0,3.38,0.1,0.02,2.26
2020-06-09,002194,20.38,20.4,20.57,20.02,75891,158858249.0,2.69,-0.29,-0.06,1.54
2020-06-10,002194,20.39,20.03,20.39,19.93,81847,169386886.0,2.25,-1.81,-0.37,1.66
2020-06-11,002194,20.04,20.42,20.48,19.88,130278,271469440.0,3.0,1.95,0.39,2.65
2020-06-12,002194,19.88,20.67,20.77,19.7,145212,305354336.0,5.24,1.22,0.25,2.95
2020-06-15,002194,20.54,20.38,20.91,20.29,115682,245541056.0,3.0,-1.4,-0.29,2.35
2020-06-16,002194,20.83,20.97,21.27,20.7,184118,398829200.0,2.8,2.89,0.59,3.74
2020-06-17,002194,20.98,20.65,21.0,20.38,122890,260908058.0,2.96,-1.53,-0.32,2.5
2020-06-18,002194,20.78,21.33,21.55,20.78,246159,537678160.0,3.73,3.29,0.68,5.0
2020-06-19,002194,21.36,20.86,21.36,20.8,195126,421717600.0,2.63,-2.2,-0.47,3.96
2020-06-22,002194,20.83,20.78,20.97,20.54,129781,277186544.0,2.06,-0.38,-0.08,2.64
2020-06-23,002194,20.79,20.53,20.82,20.49,93591,198243095.0,1.59,-1.2,-0.25,1.9
2020-06-24,002194,20.63,20.52,20.75,20.38,82259,174004003.0,1.8,-0.05,-0.01,1.67
2020-06-29,002194,20.38,19.98,20.38,19.93,98478,203876541.0,2.19,-2.63,-0.54,1.99
2020-06-30,002194,19.88,20.08,20.25,19.88,85496,177112209.0,1.85,0.5,0.1,1.74
2020-07-01,002194,20.15,19.83,20.25,19.63,101726,208821339.0,3.09,-1.25,-0.25,2.07
2020-07-02,002194,19.88,20.18,20.28,19.79,121403,251037145.0,2.47,1.77,0.35,2.47
2020-07-03,002194,20.18,20.79,21.03,20.04,212566,449324480.0,4.91,3.02,0.61,4.32
2020-07-06,002194,20.99,21.71,21.84,20.73,310083,682003968.0,5.34,4.43,0.92,6.3
2020-07-07,002194,21.71,21.69,22.68,21.37,338521,768075584.0,6.03,-0.09,-0.02,6.88
2020-07-08,002194,21.48,22.5,22.84,21.37,326221,741092896.0,6.78,3.73,0.81,6.63
2020-07-09,002194,22.52,22.93,23.21,22.39,313859,734444432.0,3.64,1.91,0.43,6.38
2020-07-10,002194,22.58,22.44,22.92,22.31,227496,527288880.0,2.66,-2.14,-0.49,4.62
2020-07-13,002194,22.48,23.26,23.33,22.48,262574,618825536.0,3.79,3.65,0.82,5.34
2020-07-14,002194,23.38,22.31,23.48,21.91,277381,642397568.0,6.75,-4.08,-0.95,5.64
2020-07-15,002194,22.08,20.68,22.26,20.52,339137,740294448.0,7.8,-7.31,-1.63,6.89
2020-07-16,002194,20.38,19.06,20.78,18.86,224518,460632048.0,9.28,-7.83,-1.62,4.56
2020-07-17,002194,19.18,18.69,19.36,18.35,186014,360845392.0,5.3,-1.94,-0.37,3.78
2020-07-20,002194,18.86,19.2,19.22,18.38,177875,345312688.0,4.49,2.73,0.51,3.62
2020-07-21,002194,19.27,19.18,19.35,18.89,119237,235578365.0,2.4,-0.1,-0.02,2.42
2020-07-22,002194,18.99,19.46,19.96,18.99,147503,297081728.0,5.06,1.46,0.28,3.0
2020-07-23,002194,19.1,19.0,19.3,18.59,125093,244451414.0,3.65,-2.36,-0.46,2.54
2020-07-24,002194,18.78,18.23,19.15,17.99,125606,240883642.0,6.11,-4.05,-0.77,2.55
2020-07-27,002194,18.37,18.13,18.51,17.91,64731,121615494.0,3.29,-0.55,-0.1,1.32
2020-07-28,002194,18.32,18.35,18.48,18.18,51538,97547234.0,1.65,1.21,0.22,1.05
2020-07-29,002194,18.36,18.94,18.96,18.35,89361,173018043.0,3.32,3.22,0.59,1.82
2020-07-30,002194,19.01,18.69,19.26,18.65,84412,163916907.0,3.22,-1.32,-0.25,1.72
2020-07-31,002194,18.69,18.8,18.93,18.48,78198,151409678.0,2.41,0.59,0.11,1.59
2020-08-03,002194,19.68,19.36,19.68,19.13,124450,248773162.0,2.93,2.98,0.56,2.53
2020-08-04,002194,19.37,18.99,19.48,18.92,99398,195583724.0,2.89,-1.91,-0.37,2.02
2020-08-05,002194,19.02,19.31,19.56,18.84,113707,225601324.0,3.79,1.69,0.32,2.31
2020-08-06,002194,19.17,19.09,19.29,18.78,86351,169543446.0,2.64,-1.14,-0.22,1.76
2020-08-07,002194,19.09,18.57,19.09,18.43,98346,189545381.0,3.46,-2.72,-0.52,2.0
2020-08-10,002194,18.47,18.65,18.82,18.39,63511,121783503.0,2.32,0.43,0.08,1.29
2020-08-11,002194,18.64,18.28,18.78,18.26,87322,166689160.0,2.79,-1.98,-0.37,1.77
2020-08-12,002194,18.18,17.93,18.33,17.64,85442,158083282.0,3.77,-1.91,-0.35,1.74
2020-08-13,002194,17.96,17.73,18.08,17.71,64951,120075418.0,2.06,-1.12,-0.2,1.32
2020-08-14,002194,17.71,17.85,18.01,17.5,72707,133822677.0,2.88,0.68,0.12,1.48
2020-08-17,002194,17.87,18.14,18.26,17.64,112797,209089817.0,3.47,1.62,0.29,2.29
2020-08-18,002194,18.51,18.19,18.53,18.08,99834,188421809.0,2.48,0.28,0.05,2.03
2020-08-19,002194,18.09,17.69,18.09,17.68,76460,140969882.0,2.25,-2.75,-0.5,1.55
2020-08-20,002194,17.57,17.47,17.71,17.36,56091,101638588.0,1.98,-1.24,-0.22,1.14
2020-08-21,002194,17.6,17.29,17.67,17.19,74537,134520502.0,2.75,-1.03,-0.18,1.51
2020-08-24,002194,17.38,17.05,17.46,16.76,82432,145122888.0,4.05,-1.39,-0.24,1.67
2020-08-25,002194,17.17,17.42,17.64,17.01,91755,165054088.0,3.7,2.17,0.37,1.86
2020-08-26,002194,17.46,16.56,17.46,16.55,96262,168383826.0,5.22,-4.94,-0.86,1.96
2020-08-27,002194,16.61,16.24,16.68,16.15,95420,161385672.0,3.2,-1.93,-0.32,1.94
2020-08-28,002194,16.18,16.11,16.18,15.68,133319,219570225.0,3.08,-0.8,-0.13,2.71
2020-08-31,002194,16.08,16.21,16.58,16.06,94220,160010725.0,3.23,0.62,0.1,1.91
2020-09-01,002194,16.23,15.94,16.23,15.76,87346,144495628.0,2.9,-1.67,-0.27,1.77
2020-09-02,002194,15.94,16.08,16.11,15.82,70736,117460290.0,1.82,0.88,0.14,1.44
2020-09-03,002194,16.07,15.64,16.07,15.64,82460,135064660.0,2.67,-2.74,-0.44,1.67
2020-09-04,002194,15.36,15.96,16.09,15.19,87509,143053049.0,5.75,2.05,0.32,1.78
2020-09-07,002194,15.97,16.06,16.24,15.84,90541,151156431.0,2.51,0.63,0.1,1.84
2020-09-08,002194,16.13,15.79,16.16,15.52,76541,125385613.0,3.99,-1.68,-0.27,1.55
2020-09-09,002194,15.58,15.0,15.59,14.98,78989,125649365.0,3.86,-5.0,-0.79,1.6
2020-09-10,002194,15.14,14.41,15.26,14.4,82665,126111984.0,5.73,-3.93,-0.59,1.68
2020-09-11,002194,14.43,14.4,14.44,14.14,70854,105577061.0,2.08,-0.07,-0.01,1.44
2020-09-14,002194,14.5,14.62,14.75,14.31,53099,80554723.0,3.06,1.53,0.22,1.08
2020-09-15,002194,14.61,14.45,14.61,14.3,46383,69764840.0,2.12,-1.16,-0.17,0.94
2020-09-16,002194,14.51,14.14,14.51,14.05,50845,75553571.0,3.18,-2.15,-0.31,1.03
2020-09-17,002194,14.14,14.4,14.68,13.96,118771,178394026.0,5.09,1.84,0.26,2.41
2020-09-18,002194,14.36,14.74,14.76,14.25,87707,133017723.0,3.54,2.36,0.34,1.78
2020-09-21,002194,14.79,14.81,15.01,14.64,78217,120777052.0,2.51,0.47,0.07,1.59
2020-09-22,002194,14.58,14.36,14.7,14.32,63992,96864224.0,2.57,-3.04,-0.45,1.3
2020-09-23,002194,14.48,14.8,14.83,14.38,73965,113139604.0,3.13,3.06,0.44,1.5
2020-09-24,002194,14.59,14.18,14.64,14.18,80013,119733904.0,3.11,-4.19,-0.62,1.63
2020-09-25,002194,14.17,13.88,14.27,13.78,57932,84413974.0,3.46,-2.12,-0.3,1.18
2020-09-28,002194,13.88,13.28,13.93,13.27,65345,92179804.0,4.76,-4.32,-0.6,1.33
2020-09-29,002194,13.33,14.67,14.67,13.33,78781,117244847.0,10.09,10.47,1.39,1.6
2020-09-30,002194,14.65,14.32,14.65,14.08,128316,192184537.0,3.89,-2.39,-0.35,2.61
2020-10-09,002194,14.58,14.52,14.83,14.44,86764,131662964.0,2.72,1.4,0.2,1.76
2020-10-12,002194,14.61,15.21,15.26,14.38,127718,199477978.0,6.06,4.75,0.69,2.59
2020-10-13,002194,15.21,15.15,15.21,14.97,69016,108484206.0,1.58,-0.39,-0.06,1.4
2020-10-14,002194,15.16,14.83,15.16,14.8,63623,98800840.0,2.38,-2.11,-0.32,1.29
2020-10-15,002194,14.86,14.59,14.99,14.54,50319,77247958.0,3.03,-1.62,-0.24,1.02
2020-10-16,002194,14.53,14.51,14.7,14.41,42229,63981255.0,1.99,-0.55,-0.08,0.86
2020-10-19,002194,14.64,14.55,14.96,14.48,48767,74548448.0,3.31,0.28,0.04,0.99
2020-10-20,002194,14.45,14.68,14.68,14.23,40102,60741589.0,3.09,0.89,0.13,0.81
2020-10-21,002194,14.7,14.4,14.77,14.34,37574,56627847.0,2.93,-1.91,-0.28,0.76
2020-10-22,002194,14.28,14.58,14.68,14.14,44481,67305785.0,3.75,1.25,0.18,0.9
2020-10-23,002194,14.67,14.43,14.73,14.28,39931,60177070.0,3.09,-1.03,-0.15,0.81
2020-10-26,002194,14.42,14.32,14.54,14.22,30213,45290105.0,2.22,-0.76,-0.11,0.61
2020-10-27,002194,14.22,13.95,14.32,13.9,45721,67056040.0,2.93,-2.58,-0.37,0.93
2020-10-28,002194,13.93,14.06,14.12,13.5,56018,80686541.0,4.44,0.79,0.11,1.14
2020-10-29,002194,13.96,14.71,14.93,13.79,117734,179564859.0,8.11,4.62,0.65,2.39
2020-10-30,002194,14.7,14.81,15.26,14.68,144421,225289330.0,3.94,0.68,0.1,2.93
2020-11-02,002194,14.7,15.16,15.26,14.53,118544,185240378.0,4.93,2.36,0.35,2.41
2020-11-03,002194,15.14,15.08,15.37,14.94,128728,202995084.0,2.84,-0.53,-0.08,2.61
2020-11-04,002194,15.13,14.89,15.17,14.79,72979,113462541.0,2.52,-1.26,-0.19,1.48
2020-11-05,002194,15.1,16.44,16.44,14.78,330812,549655584.0,11.15,10.41,1.55,6.72
2020-11-06,002194,16.68,17.06,17.32,16.19,444553,771624432.0,6.87,3.77,0.62,9.03
2020-11-09,002194,17.1,17.11,17.67,16.91,383704,687381552.0,4.45,0.29,0.05,7.79
2020-11-10,002194,16.86,16.47,16.86,16.36,229778,394019184.0,2.92,-3.74,-0.64,4.67
2020-11-11,002194,16.35,17.31,17.38,15.91,297832,516646720.0,8.93,5.1,0.84,6.05
2020-11-12,002194,17.22,16.85,17.58,16.68,187377,331433056.0,5.2,-2.66,-0.46,3.81
2020-11-13,002194,16.62,16.74,16.88,16.35,117569,202529719.0,3.15,-0.65,-0.11,2.39
2020-11-16,002194,16.61,16.32,16.88,16.08,118440,200875473.0,4.78,-2.51,-0.42,2.41
2020-11-17,002194,16.18,16.5,16.53,15.65,153655,254855238.0,5.39,1.1,0.18,3.12
2020-11-18,002194,16.35,16.21,16.65,16.17,105366,179204144.0,2.91,-1.76,-0.29,2.14
2020-11-19,002194,16.09,16.41,16.62,15.96,116698,198482968.0,4.07,1.23,0.2,2.37
2020-11-20,002194,16.25,16.4,16.59,16.07,105315,178497566.0,3.17,-0.06,-0.01,2.14
2020-11-23,002194,16.38,16.17,16.4,16.08,95956,161447541.0,1.95,-1.4,-0.23,1.95
2020-11-24,002194,16.23,16.96,16.96,16.14,217437,376232576.0,5.07,4.89,0.79,4.42
2020-11-25,002194,16.98,16.78,17.39,16.58,245302,430947008.0,4.78,-1.06,-0.18,4.98
2020-11-26,002194,16.68,16.77,16.93,16.62,114180,198527427.0,1.85,-0.06,-0.01,2.32
2020-11-27,002194,16.59,15.05,16.59,15.03,311450,501816848.0,9.3,-10.26,-1.72,6.33
2020-11-30,002194,14.68,14.56,14.87,14.28,139695,212262542.0,3.92,-3.26,-0.49,2.84
2020-12-01,002194,14.58,14.57,14.67,14.44,89861,136340050.0,1.58,0.07,0.01,1.83
2020-12-02,002194,14.63,15.04,15.33,14.44,160444,248253568.0,6.11,3.23,0.47,3.26
2020-12-03,002194,14.87,14.66,14.94,14.62,79719,122342965.0,2.13,-2.53,-0.38,1.62
2020-12-04,002194,14.6,14.85,15.19,14.59,88113,136490710.0,4.09,1.3,0.19,1.79
2020-12-07,002194,14.82,14.71,14.97,14.69,50451,77691239.0,1.89,-0.94,-0.14,1.02
2020-12-08,002194,14.73,14.73,14.92,14.62,49183,75675304.0,2.04,0.14,0.02,1.0
2020-12-09,002194,14.73,14.12,14.73,14.09,96658,144939495.0,4.34,-4.14,-0.61,1.96
2020-12-10,002194,14.12,14.21,14.47,13.99,56769,84166436.0,3.4,0.64,0.09,1.15
2020-12-11,002194,14.22,13.88,14.22,13.7,71034,102797065.0,3.66,-2.32,-0.33,1.44
2020-12-14,002194,13.87,13.98,13.99,13.68,42477,61546694.0,2.23,0.72,0.1,0.86
2020-12-15,002194,13.88,14.01,14.2,13.81,37872,55404911.0,2.79,0.21,0.03,0.77
2020-12-16,002194,14.04,13.64,14.18,13.58,45105,64689778.0,4.28,-2.64,-0.37,0.92
2020-12-17,002194,13.65,13.67,13.88,13.37,67229,95585826.0,3.74,0.22,0.03,1.37
2020-12-18,002194,13.65,13.46,13.76,13.4,48491,68747752.0,2.63,-1.54,-0.21,0.98
2020-12-21,002194,13.48,13.46,13.61,13.29,47764,67299098.0,2.38,0.0,0.0,0.97
2020-12-22,002194,13.43,13.02,13.43,13.0,79629,109821573.0,3.19,-3.27,-0.44,1.62
2020-12-23,002194,13.08,13.03,13.25,12.58,84089,113675049.0,5.15,0.08,0.01,1.71
2020-12-24,002194,12.94,12.64,12.98,12.59,48988,65490379.0,2.99,-2.99,-0.39,0.99
2020-12-25,002194,12.64,12.45,12.71,12.4,47252,62068899.0,2.45,-1.5,-0.19,0.96
2020-12-28,002194,12.38,12.09,12.45,12.05,60282,77294619.0,3.21,-2.89,-0.36,1.22
2020-12-29,002194,12.0,13.36,13.36,12.0,68839,94192013.0,11.25,10.5,1.27,1.4
2020-12-30,002194,14.04,14.06,14.68,13.79,323095,476613840.0,6.66,5.24,0.7,6.56
2020-12-31,002194,13.59,14.29,14.63,13.51,255075,375283824.0,7.97,1.64,0.23,5.19
2021-01-04,002194,13.98,14.74,14.76,13.77,252896,380320320.0,6.93,3.15,0.45,5.14
2021-01-05,002194,14.48,14.76,15.06,14.39,226530,347842736.0,4.55,0.14,0.02,4.61
2021-01-06,002194,14.66,14.17,14.66,13.88,167020,247951912.0,5.28,-4.0,-0.59,3.4
2021-01-07,002194,14.38,13.54,14.41,13.48,137040,197388864.0,6.56,-4.45,-0.63,2.79
2021-01-08,002194,13.53,13.87,14.62,13.43,172663,255177829.0,8.79,2.44,0.33,3.51
2021-01-11,002194,13.26,13.48,14.1,12.98,147530,209357755.0,8.07,-2.81,-0.39,3.0
2021-01-12,002194,13.28,13.83,13.98,13.16,127767,182728802.0,6.08,2.6,0.35,2.6
2021-01-13,002194,13.85,14.08,14.15,13.44,174501,253231097.0,5.13,1.81,0.25,3.55
2021-01-14,002194,13.88,14.35,14.61,13.76,202028,301512592.0,6.04,1.92,0.27,4.11
2021-01-15,002194,14.18,14.37,14.56,13.96,150055,223598995.0,4.18,0.14,0.02,3.05
2021-01-18,002194,14.35,14.53,14.74,14.18,161626,244795470.0,3.9,1.11,0.16,3.29
2021-01-19,002194,14.53,13.95,14.58,13.9,145813,215735623.0,4.68,-3.99,-0.58,2.96
2021-01-20,002194,13.97,14.03,14.1,13.7,87099,126500798.0,2.87,0.57,0.08,1.77
2021-01-21,002194,13.96,13.75,13.97,13.53,104125,149506961.0,3.14,-2.0,-0.28,2.12
2021-01-22,002194,13.75,13.08,13.75,13.07,114321,158512759.0,4.95,-4.87,-0.67,2.32
2021-01-25,002194,13.12,13.2,13.53,12.68,94714,129611795.0,6.5,0.92,0.12,1.93
2021-01-26,002194,12.95,12.79,13.23,12.7,64827,87703519.0,4.02,-3.11,-0.41,1.32
2021-01-27,002194,12.73,12.85,13.07,12.73,41437,56105488.0,2.66,0.47,0.06,0.84
2021-01-28,002194,12.74,12.52,13.03,12.5,57603,77100049.0,4.12,-2.57,-0.33,1.17
2021-01-29,002194,12.64,12.33,12.72,12.23,57332,74730338.0,3.91,-1.52,-0.19,1.17
2021-02-01,002194,12.39,12.66,12.76,12.34,45000,59237326.0,3.41,2.68,0.33,0.91
2021-02-02,002194,12.73,12.55,12.77,12.4,41232,54356648.0,2.92,-0.87,-0.11,0.84
2021-02-03,002194,12.47,12.14,12.75,12.06,57646,75021424.0,5.5,-3.27,-0.41,1.17
2021-02-04,002194,11.98,11.61,12.18,11.38,67393,82872473.0,6.59,-4.37,-0.53,1.37
2021-02-05,002194,11.67,11.45,11.85,11.3,45363,54936278.0,4.74,-1.38,-0.16,0.92
2021-02-08,002194,11.45,11.45,11.67,11.35,28072,33898910.0,2.79,0.0,0.0,0.57
2021-02-09,002194,11.48,11.64,11.7,11.38,46621,56845527.0,2.79,1.66,0.19,0.95
2021-02-10,002194,11.64,11.86,11.96,11.53,46653,57656084.0,3.69,1.89,0.22,0.95
2021-02-18,002194,11.96,12.17,12.3,11.96,51198,65369826.0,2.87,2.61,0.31,1.04
2021-02-19,002194,12.18,12.5,12.52,11.98,54597,70725469.0,4.44,2.71,0.33,1.11
2021-02-22,002194,12.54,12.46,12.87,12.45,76270,101269862.0,3.36,-0.32,-0.04,1.55
2021-02-23,002194,12.43,12.4,12.82,12.23,63647,83289286.0,4.74,-0.48,-0.06,1.29
2021-02-24,002194,12.37,12.42,12.62,12.2,47109,61430981.0,3.39,0.16,0.02,0.96
2021-02-25,002194,12.62,12.26,12.64,12.25,42805,55745057.0,3.14,-1.29,-0.16,0.87
2021-02-26,002194,11.74,12.19,12.44,11.6,57655,73808656.0,6.85,-0.57,-0.07,1.17
2021-03-01,002194,12.23,12.38,12.48,12.23,47161,61144639.0,2.05,1.56,0.19,0.96
2021-03-02,002194,12.34,12.19,12.46,12.1,40653,52294858.0,2.91,-1.53,-0.19,0.83
2021-03-03,002194,12.27,12.2,12.27,11.98,39617,50423474.0,2.38,0.08,0.01,0.81
2021-03-04,002194,12.07,11.96,12.23,11.94,46261,58648436.0,2.38,-1.97,-0.24,0.94
2021-03-05,002194,12.0,12.11,12.19,11.88,37827,48045997.0,2.59,1.25,0.15,0.77
2021-03-08,002194,12.14,12.34,12.86,12.14,83119,108743092.0,5.95,1.9,0.23,1.69
2021-03-09,002194,12.22,11.68,12.31,11.44,67025,83665236.0,7.05,-5.35,-0.66,1.36
2021-03-10,002194,11.76,11.54,11.82,11.48,37757,46138329.0,2.91,-1.2,-0.14,0.77
2021-03-11,002194,11.53,11.69,11.77,11.37,33187,40574651.0,3.47,1.3,0.15,0.67
2021-03-12,002194,11.76,11.57,11.76,11.5,28026,34206120.0,2.22,-1.03,-0.12,0.57
2021-03-15,002194,11.4,11.45,11.61,11.34,28124,33896918.0,2.33,-1.04,-0.12,0.57
2021-03-16,002194,11.45,11.68,11.78,11.43,41801,50999591.0,3.06,2.01,0.23,0.85
2021-03-17,002194,11.69,11.81,11.98,11.69,43469,54211421.0,2.48,1.11,0.13,0.88
2021-03-18,002194,11.68,11.56,11.75,11.48,35207,42915753.0,2.29,-2.12,-0.25,0.72
2021-03-19,002194,11.38,11.42,11.62,11.34,28814,34793253.0,2.42,-1.21,-0.14,0.59
2021-03-22,002194,11.53,11.51,11.55,11.42,21974,26593215.0,1.14,0.79,0.09,0.45
2021-03-23,002194,11.5,11.58,11.62,11.45,33400,40589527.0,1.48,0.61,0.07,0.68
2021-03-24,002194,11.54,11.54,11.68,11.43,30822,37574550.0,2.16,-0.35,-0.04,0.63
2021-03-25,002194,11.51,11.44,11.55,11.38,28768,34766959.0,1.47,-0.87,-0.1,0.58
2021-03-26,002194,11.52,11.5,11.56,11.43,26790,32426647.0,1.14,0.52,0.06,0.54
2021-03-29,002194,11.53,11.44,11.55,11.43,26043,31484384.0,1.04,-0.52,-0.06,0.53
2021-03-30,002194,11.52,11.34,11.52,11.34,30308,36332674.0,1.57,-0.87,-0.1,0.62
2021-03-31,002194,11.36,11.42,11.53,11.35,27291,32938147.0,1.59,0.71,0.08,0.55
2021-04-01,002194,11.46,12.18,12.62,11.46,200317,259897856.0,10.16,6.65,0.76,4.07
2021-04-02,002194,11.91,12.26,12.67,11.79,163308,208342705.0,7.22,0.66,0.08,3.32
2021-04-06,002194,12.16,12.11,12.37,12.01,72022,92016463.0,2.94,-1.22,-0.15,1.46
2021-04-07,002194,12.14,12.13,12.24,11.98,58061,73754914.0,2.15,0.17,0.02,1.18
2021-04-08,002194,12.1,11.85,12.1,11.83,61295,77003883.0,2.23,-2.31,-0.28,1.25
2021-04-09,002194,11.82,11.9,11.96,11.75,39247,48903546.0,1.77,0.42,0.05,0.8
2021-04-12,002194,11.86,12.05,12.36,11.7,79662,100891697.0,5.55,1.26,0.15,1.62
2021-04-13,002194,12.03,11.85,12.04,11.82,45319,56851677.0,1.83,-1.66,-0.2,0.92
2021-04-14,002194,11.89,11.87,11.97,11.76,33236,41453916.0,1.77,0.17,0.02,0.68
2021-04-15,002194,11.99,12.13,12.28,11.98,77003,98106753.0,2.53,2.19,0.26,1.57
2021-04-16,002194,12.08,12.17,12.27,11.98,55094,70228082.0,2.39,0.33,0.04,1.12
2021-04-19,002194,12.4,12.23,12.46,12.19,63525,81945218.0,2.22,0.49,0.06,1.29
2021-04-20,002194,12.16,12.21,12.45,12.11,61405,79367818.0,2.78,-0.16,-0.02,1.25
2021-04-21,002194,12.19,12.46,12.71,11.99,101580,132117763.0,5.9,2.05,0.25,2.07
2021-04-22,002194,12.49,12.88,13.16,12.37,173617,232116143.0,6.34,3.37,0.42,3.53
2021-04-23,002194,12.68,12.63,12.83,12.59,91134,121250822.0,1.86,-1.94,-0.25,1.85
2021-04-26,002194,12.57,12.23,12.66,12.23,85623,111394807.0,3.4,-3.17,-0.4,1.74
2021-04-27,002194,12.2,12.47,12.57,12.13,65796,85244001.0,3.6,1.96,0.24,1.34
2021-04-28,002194,12.18,11.59,12.21,11.51,130904,162896235.0,5.61,-7.06,-0.88,2.66
2021-04-29,002194,11.54,11.6,11.73,11.54,44942,55071066.0,1.64,0.09,0.01,0.91
2021-04-30,002194,11.58,11.49,11.58,11.43,43908,53141245.0,1.29,-0.95,-0.11,0.89
2021-05-06,002194,11.17,11.21,11.37,11.17,50091,59409333.0,1.74,-2.44,-0.28,1.02
2021-05-07,002194,11.22,11.24,11.35,11.19,29402,34958721.0,1.43,0.27,0.03,0.6
2021-05-10,002194,11.23,10.82,11.24,10.74,65853,75489708.0,4.45,-3.74,-0.42,1.34
2021-05-11,002194,10.68,10.82,10.87,10.63,30392,34562032.0,2.22,0.0,0.0,0.62
2021-05-12,002194,10.8,10.92,10.92,10.7,29319,33590678.0,2.03,0.92,0.1,0.6
2021-05-13,002194,10.88,11.3,11.64,10.78,68868,82140341.0,7.88,3.48,0.38,1.4
2021-05-14,002194,11.13,11.22,11.26,11.01,41308,48607124.0,2.21,-0.71,-0.08,0.84
2021-05-17,002194,11.2,11.35,11.68,11.16,58321,70108809.0,4.63,1.16,0.13,1.19
2021-05-18,002194,11.23,11.31,11.45,11.23,32545,38898901.0,1.94,-0.35,-0.04,0.66
2021-05-19,002194,11.28,11.1,11.35,11.08,35208,41440030.0,2.39,-1.86,-0.21,0.72
2021-05-20,002194,11.09,10.92,11.09,10.91,28955,33560880.0,1.62,-1.62,-0.18,0.59
2021-05-21,002194,10.93,10.97,11.09,10.93,21092,24492341.0,1.47,0.46,0.05,0.43
2021-05-24,002194,10.97,11.35,11.44,10.94,59671,71030288.0,4.56,3.46,0.38,1.21
2021-05-25,002194,11.23,11.37,11.44,11.23,39688,47481289.0,1.85,0.18,0.02,0.81
2021-05-26,002194,11.38,11.39,11.52,11.3,44379,53477020.0,1.93,0.18,0.02,0.9
2021-05-27,002194,11.36,11.64,11.8,11.36,74581,91173794.0,3.86,2.19,0.25,1.52
2021-05-28,002194,11.63,11.58,11.8,11.46,68868,84238327.0,2.92,-0.52,-0.06,1.4
2021-05-31,002194,11.58,11.56,11.72,11.53,47202,56928050.0,1.64,-0.17,-0.02,0.96
2021-06-01,002194,11.54,11.62,11.69,11.4,47456,57170138.0,2.51,0.52,0.06,0.96
2021-06-02,002194,11.6,11.33,11.61,11.33,46908,55796776.0,2.41,-2.5,-0.29,0.95
2021-06-03,002194,11.36,12.51,12.51,11.35,320513,412974032.0,10.24,10.41,1.18,6.52
2021-06-04,002194,12.53,12.67,13.38,12.43,474564,635965712.0,7.59,1.28,0.16,9.65
2021-06-07,002194,12.24,13.03,13.13,12.24,388097,507466864.0,7.02,2.84,0.36,7.89
2021-06-08,002194,12.71,13.12,13.51,12.57,355999,476992432.0,7.21,0.69,0.09,7.24
2021-06-09,002194,12.88,12.94,13.27,12.85,210444,283358320.0,3.2,-1.37,-0.18,4.28
2021-06-10,002194,12.79,13.16,13.3,12.48,281449,375886656.0,6.34,1.7,0.22,5.72
2021-06-11,002194,13.03,12.78,13.09,12.53,212379,281287648.0,4.26,-2.89,-0.38,4.32
2021-06-15,002194,12.73,12.71,12.97,12.61,155215,205440363.0,2.82,-0.55,-0.07,3.16
2021-06-16,002194,12.58,12.33,12.77,12.13,152657,197368180.0,5.04,-2.99,-0.38,3.1
2021-06-17,002194,12.32,12.7,12.73,12.28,157037,205002941.0,3.65,3.0,0.37,3.19
2021-06-18,002194,12.72,12.97,13.09,12.71,237129,318206944.0,2.99,2.13,0.27,4.82
2021-06-21,002194,12.94,12.84,13.02,12.72,154728,205646410.0,2.31,-1.0,-0.13,3.15
2021-06-22,002194,12.83,12.67,12.92,12.55,122814,161293747.0,2.88,-1.32,-0.17,2.5
2021-06-23,002194,12.69,13.02,13.29,12.57,251341,336671152.0,5.68,2.76,0.35,5.11
2021-06-24,002194,13.08,12.62,13.16,12.58,145609,192673805.0,4.45,-3.07,-0.4,2.96
2021-06-25,002194,12.62,12.79,13.01,12.18,198997,259313464.0,6.58,1.35,0.17,4.05
2021-06-28,002194,12.69,13.59,14.12,12.65,477228,662847088.0,11.49,6.25,0.8,9.7
2021-06-29,002194,13.43,12.98,13.61,12.97,310426,426670112.0,4.71,-4.49,-0.61,6.31
2021-06-30,002194,13.01,12.92,13.19,12.8,214102,287786464.0,3.0,-0.46,-0.06,4.38
2021-07-01,002194,13.03,12.23,13.04,12.09,229179,297808544.0,7.35,-5.34,-0.69,4.69
2021-07-02,002194,12.03,11.55,12.11,11.55,192676,235195268.0,4.58,-5.56,-0.68,3.94
2021-07-05,002194,11.55,11.73,11.83,11.5,89724,108988552.0,2.86,1.56,0.18,1.84
2021-07-06,002194,11.75,11.65,11.85,11.48,84876,102801491.0,3.15,-0.68,-0.08,1.74
2021-07-07,002194,11.65,11.71,11.78,11.48,72077,87276474.0,2.58,0.52,0.06,1.47
2021-07-08,002194,11.71,11.62,11.77,11.56,80227,97207650.0,1.79,-0.77,-0.09,1.64
2021-07-09,002194,11.65,11.49,11.66,11.34,87467,104413439.0,2.75,-1.12,-0.13,1.79
2021-07-12,002194,11.61,12.0,12.37,11.55,185716,231841284.0,7.14,4.44,0.51,3.8
2021-07-13,002194,12.03,12.08,12.21,11.85,146022,182283155.0,3.0,0.67,0.08,2.99
2021-07-14,002194,12.09,12.39,12.7,12.09,222675,287376832.0,5.05,2.57,0.31,4.56
2021-07-15,002194,12.34,12.29,12.4,12.06,125637,159241648.0,2.74,-0.81,-0.1,2.57
2021-07-16,002194,12.23,12.03,12.28,12.01,96251,120940046.0,2.2,-2.12,-0.26,1.97
2021-07-19,002194,12.15,12.81,12.83,11.73,281727,364296224.0,9.14,6.48,0.78,5.76
2021-07-20,002194,12.63,12.93,13.12,12.54,271314,363023984.0,4.53,0.94,0.12,5.55
2021-07-21,002194,12.89,12.79,13.01,12.68,198455,263813647.0,2.55,-1.08,-0.14,4.06
2021-07-22,002194,12.73,12.75,12.95,12.65,138050,182760094.0,2.35,-0.31,-0.04,2.82
2021-07-23,002194,13.43,12.72,13.75,12.63,292730,397741680.0,8.78,-0.24,-0.03,5.99
2021-07-26,002194,12.34,12.53,12.76,12.14,154803,199932786.0,4.87,-1.49,-0.19,3.17
2021-07-27,002194,12.52,12.86,13.12,12.41,303709,405973152.0,5.67,2.63,0.33,6.21
2021-07-28,002194,12.83,13.12,13.23,12.11,316245,422317216.0,8.71,2.02,0.26,6.47
2021-07-29,002194,13.28,13.75,13.89,12.94,451084,633129200.0,7.24,4.8,0.63,9.23
2021-07-30,002194,13.53,13.41,14.09,13.36,351883,496980896.0,5.31,-2.47,-0.34,7.2
2021-08-02,002194,13.29,14.33,14.5,13.25,420862,606000336.0,9.32,6.86,0.92,8.61
2021-08-03,002194,14.65,14.16,14.83,14.05,416562,619604160.0,5.44,-1.19,-0.17,8.52
2021-08-04,002194,14.03,14.32,14.47,13.99,262117,385459200.0,3.39,1.13,0.16,5.36
2021-08-05,002194,14.24,13.82,14.25,13.78,230011,331794384.0,3.28,-3.49,-0.5,4.71
2021-08-06,002194,13.77,14.01,14.17,13.66,176813,255323324.0,3.69,1.37,0.19,3.62
2021-08-09,002194,14.01,13.97,14.36,13.84,157055,227790377.0,3.71,-0.29,-0.04,3.21
2021-08-10,002194,13.88,13.89,14.01,13.65,168977,241590640.0,2.58,-0.57,-0.08,3.46
2021-08-11,002194,13.83,13.47,13.84,13.39,202181,283115440.0,3.24,-3.02,-0.42,4.14
2021-08-12,002194,13.42,13.53,13.77,13.41,158303,222811772.0,2.67,0.45,0.06,3.24
2021-08-13,002194,13.54,13.37,13.7,13.28,148248,206611335.0,3.1,-1.18,-0.16,3.03
2021-08-16,002194,13.38,13.45,13.59,13.03,132980,184050071.0,4.19,0.6,0.08,2.72
2021-08-17,002194,13.46,12.76,13.51,12.74,164002,221364248.0,5.72,-5.13,-0.69,3.36
2021-08-18,002194,12.84,12.93,12.93,12.6,92433,122543322.0,2.59,1.33,0.17,1.89
2021-08-19,002194,13.0,13.31,13.43,12.89,153374,210427982.0,4.18,2.94,0.38,3.14
2021-08-20,002194,13.21,12.98,13.21,12.86,96840,130148520.0,2.63,-2.48,-0.33,1.98
2021-08-23,002194,12.93,13.16,13.27,12.89,100900,137114990.0,2.93,1.39,0.18,2.06
2021-08-24,002194,13.18,13.13,13.18,12.95,74437,100922619.0,1.75,-0.23,-0.03,1.52
2021-08-25,002194,13.2,13.23,13.4,13.09,91788,125625029.0,2.36,0.76,0.1,1.88
2021-08-26,002194,13.15,12.69,13.19,12.64,133210,177130708.0,4.16,-4.08,-0.54,2.73
2021-08-27,002194,12.69,12.78,12.79,12.45,71087,93218164.0,2.68,0.71,0.09,1.45
2021-08-30,002194,12.7,12.6,12.86,12.59,78766,103915758.0,2.11,-1.41,-0.18,1.61
2021-08-31,002194,12.56,12.0,12.56,11.86,134903,169892341.0,5.56,-4.76,-0.6,2.14
2021-09-01,002194,12.1,12.12,12.16,11.89,78824,98719215.0,2.25,1.0,0.12,1.25
2021-09-02,002194,12.11,12.0,12.11,11.91,61290,76353570.0,1.65,-0.99,-0.12,0.96
2021-09-03,002194,11.99,12.41,12.54,11.97,120331,153560741.0,4.75,3.42,0.41,1.89
2021-09-06,002194,12.41,12.43,12.49,12.24,70932,91338730.0,2.01,0.16,0.02,1.12
2021-09-07,002194,12.43,12.54,12.64,12.41,76716,99742489.0,1.85,0.88,0.11,1.21
2021-09-08,002194,12.48,12.72,12.78,12.44,86887,114044489.0,2.71,1.44,0.18,1.37
2021-09-09,002194,12.71,12.71,12.93,12.59,83960,111099580.0,2.67,-0.08,-0.01,1.32
2021-09-10,002194,12.71,12.51,12.71,12.44,85098,110754809.0,2.12,-1.57,-0.2,1.34
2021-09-13,002194,12.51,12.36,12.51,12.23,67054,85952156.0,2.24,-1.2,-0.15,1.05
2021-09-14,002194,12.33,12.13,12.47,12.1,67203,85698167.0,2.99,-1.86,-0.23,1.06
2021-09-15,002194,12.09,12.15,12.32,12.01,39835,50305198.0,2.56,0.16,0.02,0.63
2021-09-16,002194,12.18,11.99,12.31,11.98,48021,60438767.0,2.72,-1.32,-0.16,0.76
2021-09-17,002194,11.94,11.78,12.03,11.5,71540,87202982.0,4.42,-1.75,-0.21,1.13
2021-09-22,002194,11.66,11.53,11.71,11.44,65861,79099344.0,2.29,-2.12,-0.25,1.04
2021-09-23,002194,11.55,11.75,11.83,11.53,49121,59906010.0,2.6,1.91,0.22,0.77
2021-09-24,002194,11.71,11.56,11.79,11.54,41703,50360151.0,2.13,-1.62,-0.19,0.66
2021-09-27,002194,12.76,12.17,12.76,12.17,318635,416744048.0,5.1,5.28,0.61,5.01
2021-09-28,002194,11.89,11.53,11.89,11.53,166024,201916053.0,2.96,-5.26,-0.64,2.61
2021-09-29,002194,11.55,11.1,11.55,11.03,118562,137932464.0,4.51,-3.73,-0.43,1.86
2021-09-30,002194,11.21,11.24,11.38,11.13,62894,73692533.0,2.25,1.26,0.14,0.99
2021-10-08,002194,11.37,11.42,11.47,11.29,66709,79044341.0,1.6,1.6,0.18,1.05
2021-10-11,002194,11.42,11.62,11.82,11.33,79603,95877362.0,4.29,1.75,0.2,1.25
2021-10-12,002194,11.31,11.35,11.48,11.13,71107,83613605.0,3.01,-2.32,-0.27,1.12
2021-10-13,002194,11.27,11.51,11.57,11.18,65601,78091805.0,3.44,1.41,0.16,1.03
2021-10-14,002194,11.44,11.38,11.48,11.27,40863,48382633.0,1.82,-1.13,-0.13,0.64
2021-10-15,002194,11.39,11.35,11.48,11.29,34644,41043163.0,1.67,-0.26,-0.03,0.54
2021-10-18,002194,11.24,11.26,11.29,11.15,37361,43661247.0,1.23,-0.79,-0.09,0.59
2021-10-19,002194,11.21,11.43,11.51,11.2,51108,60529784.0,2.75,1.51,0.17,0.8
2021-10-20,002194,11.48,11.33,11.48,11.33,32271,38220621.0,1.31,-0.87,-0.1,0.51
2021-10-21,002194,11.33,11.16,11.34,11.14,38448,44843718.0,1.77,-1.5,-0.17,0.6
2021-10-22,002194,11.15,11.27,11.32,11.13,33823,39627241.0,1.7,0.99,0.11,0.53
2021-10-25,002194,10.73,10.27,10.75,10.2,131945,142914608.0,4.88,-8.87,-1.0,2.08
2021-10-26,002194,10.27,10.28,10.4,10.17,49918,53662315.0,2.24,0.1,0.01,0.79
2021-10-27,002194,10.27,9.85,10.27,9.68,90661,93363857.0,5.74,-4.18,-0.43,1.43
2021-10-28,002194,9.84,9.4,9.85,9.37,77633,77729124.0,4.87,-4.57,-0.45,1.22
2021-10-29,002194,9.42,9.66,9.67,9.38,51095,51218437.0,3.09,2.77,0.26,0.8
2021-11-01,002194,9.73,9.78,9.78,9.58,51442,52373565.0,2.07,1.24,0.12,0.81
2021-11-02,002194,9.78,9.66,9.95,9.56,69220,70796751.0,3.99,-1.23,-0.12,1.09
2021-11-03,002194,9.65,9.73,9.85,9.59,45473,46307610.0,2.69,0.72,0.07,0.72
2021-11-04,002194,9.73,9.77,9.83,9.72,42580,43596568.0,1.13,0.41,0.04,0.67
2021-11-05,002194,9.77,9.86,9.98,9.74,63961,66047141.0,2.46,0.92,0.09,1.01
2021-11-08,002194,9.86,9.7,9.86,9.61,44734,45502606.0,2.54,-1.62,-0.16,0.7
2021-11-09,002194,9.67,9.85,9.88,9.66,50426,51779771.0,2.27,1.55,0.15,0.79
2021-11-10,002194,9.91,9.94,10.0,9.81,61620,63915871.0,1.93,0.91,0.09,0.97
2021-11-11,002194,9.95,10.0,10.1,9.86,68378,71443629.0,2.41,0.6,0.06,1.08
2021-11-12,002194,10.0,10.05,10.11,9.93,59816,62643133.0,1.8,0.5,0.05,0.94
2021-11-15,002194,10.04,10.1,10.15,9.92,63138,66355552.0,2.29,0.5,0.05,0.99
2021-11-16,002194,10.08,10.17,10.38,10.03,120567,128955510.0,3.47,0.69,0.07,1.9
2021-11-17,002194,10.24,10.27,10.32,9.93,79874,84752657.0,3.83,0.98,0.1,1.26
2021-11-18,002194,10.22,10.05,10.39,10.02,78047,83164129.0,3.6,-2.14,-0.22,1.23
2021-11-19,002194,10.04,10.11,10.17,10.0,53046,56045442.0,1.69,0.6,0.06,0.83
2021-11-22,002194,10.06,10.16,10.19,10.06,55826,59253737.0,1.29,0.49,0.05,0.88
2021-11-23,002194,10.13,10.42,10.48,10.1,109653,118745976.0,3.74,2.56,0.26,1.72
2021-11-24,002194,10.48,10.6,10.7,10.33,106064,116942856.0,3.55,1.73,0.18,1.67
2021-11-25,002194,10.61,10.51,10.64,10.43,64785,70945179.0,1.98,-0.85,-0.09,1.02
2021-11-26,002194,10.49,10.31,10.62,10.23,58762,63407535.0,3.71,-1.9,-0.2,0.92
2021-11-29,002194,10.17,10.08,10.17,10.04,58818,62143286.0,1.26,-2.23,-0.23,0.93
2021-11-30,002194,10.1,10.2,10.37,10.08,52750,56499528.0,2.88,1.19,0.12,0.83
2021-12-01,002194,10.17,10.47,10.58,10.14,87148,95061931.0,4.31,2.65,0.27,1.37
2021-12-02,002194,10.51,10.19,10.51,10.18,67261,72279289.0,3.15,-2.67,-0.28,1.06
2021-12-03,002194,10.22,10.22,10.31,10.19,40084,42947164.0,1.18,0.29,0.03,0.63
2021-12-06,002194,10.24,9.86,10.25,9.84,78809,82124214.0,4.01,-3.52,-0.36,1.24
2021-12-07,002194,9.87,9.77,9.91,9.67,48362,49497834.0,2.43,-0.91,-0.09,0.76
2021-12-08,002194,9.8,9.9,9.91,9.76,30820,31819232.0,1.54,1.33,0.13,0.48
2021-12-09,002194,9.89,10.0,10.08,9.84,45962,48124189.0,2.42,1.01,0.1,0.72
2021-12-10,002194,9.98,10.01,10.07,9.93,33331,34939940.0,1.4,0.1,0.01,0.52
2021-12-13,002194,9.97,10.1,10.18,9.96,51930,54779958.0,2.2,0.9,0.09,0.82
2021-12-14,002194,10.12,10.3,10.4,10.03,69148,74164485.0,3.66,1.98,0.2,1.09
2021-12-15,002194,10.33,10.21,10.38,10.19,54249,58172000.0,1.84,-0.87,-0.09,0.85
2021-12-16,002194,10.23,10.23,10.3,10.12,44779,47739668.0,1.76,0.2,0.02,0.7
2021-12-17,002194,10.21,10.13,10.27,10.1,46094,48939277.0,1.66,-0.98,-0.1,0.72
2021-12-20,002194,10.06,9.86,10.15,9.78,49648,51682019.0,3.65,-2.67,-0.27,0.78
2021-12-21,002194,9.86,10.14,10.16,9.86,53181,55989431.0,3.04,2.84,0.28,0.84
2021-12-22,002194,10.15,10.21,10.31,10.1,49646,53081894.0,2.07,0.69,0.07,0.78
2021-12-23,002194,10.21,10.33,10.38,10.07,83512,89452511.0,3.04,1.18,0.12,1.31
2021-12-24,002194,10.37,10.08,10.4,10.08,68830,73596445.0,3.1,-2.42,-0.25,1.08
2021-12-27,002194,10.03,10.26,10.33,9.88,69101,73482791.0,4.46,1.79,0.18,1.09
2021-12-28,002194,10.29,10.47,10.65,10.21,118805,129696753.0,4.29,2.05,0.21,1.87
2021-12-29,002194,10.44,10.31,10.44,10.28,55368,59834254.0,1.53,-1.53,-0.16,0.87
2021-12-30,002194,10.33,10.34,10.45,10.32,51349,55686566.0,1.26,0.29,0.03,0.81
2021-12-31,002194,10.34,10.37,10.39,10.24,47098,50842274.0,1.45,0.29,0.03,0.74
2022-01-04,002194,10.37,10.53,10.56,10.3,83423,91382449.0,2.51,1.54,0.16,1.31
2022-01-05,002194,10.48,10.41,10.59,10.32,67359,73479669.0,2.56,-1.14,-0.12,1.06
2022-01-06,002194,10.4,10.33,10.41,10.19,57896,62415494.0,2.11,-0.77,-0.08,0.91
2022-01-07,002194,10.33,10.11,10.44,10.11,59737,64049853.0,3.19,-2.13,-0.22,0.94
2022-01-10,002194,10.06,10.4,10.48,9.92,72446,77737652.0,5.54,2.87,0.29,1.14
2022-01-11,002194,10.39,10.29,10.47,10.26,51685,55858481.0,2.02,-1.06,-0.11,0.81
2022-01-12,002194,10.26,10.23,10.38,10.19,51329,55018027.0,1.85,-0.58,-0.06,0.81
2022-01-13,002194,10.3,10.13,10.46,10.12,62121,66781718.0,3.32,-0.98,-0.1,0.98
2022-01-14,002194,10.05,10.01,10.2,9.98,52117,54987162.0,2.17,-1.18,-0.12,0.82
2022-01-17,002194,9.98,10.48,10.51,9.98,145930,158738089.0,5.29,4.7,0.47,2.3
2022-01-18,002194,10.52,10.43,10.91,10.41,168919,187858724.0,4.77,-0.48,-0.05,2.66
2022-01-19,002194,10.34,10.48,10.58,10.24,76366,83408067.0,3.26,0.48,0.05,1.2
2022-01-20,002194,10.5,10.06,10.5,10.03,118211,125879660.0,4.48,-4.01,-0.42,1.86
2022-01-21,002194,9.95,10.0,10.32,9.94,70760,74426059.0,3.78,-0.6,-0.06,1.11
2022-01-24,002194,9.95,9.62,9.96,9.6,90880,92458358.0,3.6,-3.8,-0.38,1.43
2022-01-25,002194,9.63,8.92,9.7,8.88,124490,120608851.0,8.52,-7.28,-0.7,1.96
2022-01-26,002194,8.95,8.84,9.03,8.66,61151,56781223.0,4.15,-0.9,-0.08,0.96
2022-01-27,002194,8.84,8.45,8.85,8.45,65402,59151776.0,4.52,-4.41,-0.39,1.03
2022-01-28,002194,8.52,8.62,8.67,8.42,39501,35716682.0,2.96,2.01,0.17,0.62
2022-02-07,002194,8.78,8.78,8.94,8.73,56734,52808098.0,2.44,1.86,0.16,0.89
2022-02-08,002194,8.76,8.92,8.96,8.74,37109,34670102.0,2.51,1.59,0.14,0.58
2022-02-09,002194,8.88,9.28,9.38,8.86,84419,81548834.0,5.83,4.04,0.36,1.33
2022-02-10,002194,9.23,9.2,9.27,9.11,54990,53137173.0,1.72,-0.86,-0.08,0.86
2022-02-11,002194,9.1,9.09,9.25,9.02,37279,35639632.0,2.5,-1.2,-0.11,0.59
2022-02-14,002194,8.93,8.97,9.08,8.87,31772,30051337.0,2.31,-1.32,-0.12,0.5
2022-02-15,002194,8.97,9.0,9.08,8.91,26676,25238442.0,1.9,0.33,0.03,0.42
2022-02-16,002194,9.04,9.03,9.1,8.98,25117,23822542.0,1.33,0.33,0.03,0.4
2022-02-17,002194,9.02,8.86,9.02,8.84,38402,35987366.0,1.99,-1.88,-0.17,0.6
2022-02-18,002194,8.83,8.9,8.96,8.78,26849,25118179.0,2.03,0.45,0.04,0.42
2022-02-21,002194,8.91,9.21,9.25,8.88,74680,71802155.0,4.16,3.48,0.31,1.17
2022-02-22,002194,9.13,9.06,9.19,9.03,47269,45159499.0,1.74,-1.63,-0.15,0.74
2022-02-23,002194,9.13,9.23,9.24,9.04,50502,48632554.0,2.21,1.88,0.17,0.79
2022-02-24,002194,9.19,8.9,9.22,8.79,70826,67041966.0,4.66,-3.58,-0.33,1.11
2022-02-25,002194,8.96,8.97,9.12,8.93,37342,35415147.0,2.13,0.79,0.07,0.59
2022-02-28,002194,8.93,9.03,9.05,8.8,35384,33342813.0,2.79,0.67,0.06,0.56
2022-03-01,002194,9.03,9.08,9.11,8.98,43162,41138063.0,1.44,0.55,0.05,0.68
2022-03-02,002194,9.04,9.02,9.05,8.94,27924,26449613.0,1.21,-0.66,-0.06,0.44
2022-03-03,002194,9.08,8.96,9.12,8.94,27763,26284723.0,2.0,-0.67,-0.06,0.44
2022-03-04,002194,8.94,8.86,9.0,8.84,25490,23878920.0,1.79,-1.12,-0.1,0.4
2022-03-07,002194,8.82,8.66,8.86,8.64,33528,30708610.0,2.48,-2.26,-0.2,0.53
2022-03-08,002194,8.67,8.41,8.72,8.32,39844,35780386.0,4.62,-2.89,-0.25,0.63
2022-03-09,002194,8.44,8.07,8.52,7.69,59268,50784611.0,9.87,-4.04,-0.34,0.93
2022-03-10,002194,8.23,8.19,8.41,8.16,39721,34697054.0,3.1,1.49,0.12,0.62
2022-03-11,002194,8.06,8.28,8.31,7.95,30998,26601628.0,4.4,1.1,0.09,0.49
2022-03-14,002194,8.26,8.04,8.32,8.04,24647,21263965.0,3.38,-2.9,-0.24,0.39
2022-03-15,002194,7.97,7.45,7.98,7.44,55475,45370423.0,6.72,-7.34,-0.59,0.87
2022-03-16,002194,7.62,7.75,7.8,7.3,50843,40962198.0,6.71,4.03,0.3,0.8
2022-03-17,002194,7.82,7.95,8.06,7.77,49559,41771698.0,3.74,2.58,0.2,0.78
2022-03-18,002194,7.9,7.93,8.0,7.88,28026,23582485.0,1.51,-0.25,-0.02,0.44
2022-03-21,002194,7.95,8.27,8.39,7.95,69461,60501642.0,5.55,4.29,0.34,1.09
2022-03-22,002194,8.28,8.19,8.29,8.14,32926,28521856.0,1.81,-0.97,-0.08,0.52
2022-03-23,002194,8.2,9.06,9.06,8.19,56048,52963538.0,10.62,10.62,0.87,0.88
2022-03-24,002194,10.01,10.01,10.01,9.57,610870,637131760.0,4.86,10.49,0.95,9.61
2022-03-25,002194,10.22,11.06,11.06,10.01,540084,603225168.0,10.49,10.49,1.05,8.49
2022-03-28,002194,11.35,12.21,12.21,10.11,1024287,1207849968.0,18.99,10.4,1.15,16.11
2022-03-29,002194,12.83,13.48,13.48,12.43,732550,987646432.0,8.6,10.4,1.27,11.52
2022-03-30,002194,13.53,12.55,14.18,12.09,1433379,1911329968.0,15.5,-6.9,-0.93,28.54
2022-03-31,002194,12.29,11.25,12.38,11.25,1049160,1273243344.0,9.0,-10.36,-1.3,20.89
2022-04-01,002194,10.83,10.38,11.1,10.33,812785,903446704.0,6.84,-7.73,-0.87,16.18
2022-04-06,002194,10.19,10.38,10.57,10.13,512153,553195440.0,4.24,0.0,0.0,10.2
2022-04-07,002194,10.29,9.81,10.5,9.76,511500,538494976.0,7.13,-5.49,-0.57,10.19
2022-04-08,002194,9.73,9.89,10.07,9.61,416812,429687856.0,4.69,0.82,0.08,8.3
2022-04-11,002194,9.77,9.73,10.07,9.45,390849,402882368.0,6.27,-1.62,-0.16,7.78
2022-04-12,002194,9.43,9.47,9.63,9.13,443307,434538832.0,5.14,-2.67,-0.26,8.83
2022-04-13,002194,9.35,8.94,9.36,8.94,329722,316538080.0,4.44,-5.6,-0.53,6.57
2022-04-14,002194,9.02,8.96,9.12,8.87,217684,205982685.0,2.8,0.22,0.02,4.33
2022-04-15,002194,8.95,8.7,8.99,8.68,224289,207643153.0,3.46,-2.9,-0.26,4.47
2022-04-18,002194,8.63,8.75,8.84,8.55,159655,146909120.0,3.33,0.57,0.05,3.18
2022-04-19,002194,8.73,8.8,8.86,8.65,177099,163417069.0,2.4,0.57,0.05,3.53
2022-04-20,002194,8.81,8.61,8.91,8.5,232341,213329434.0,4.66,-2.16,-0.19,4.63
2022-04-21,002194,8.52,8.23,8.62,8.2,190278,168944932.0,4.88,-4.41,-0.38,3.79
2022-04-22,002194,8.26,8.14,8.43,8.05,172044,148933085.0,4.62,-1.09,-0.09,3.43
2022-04-25,002194,7.93,7.43,8.05,7.4,217477,177335263.0,7.99,-8.72,-0.71,4.33
2022-04-26,002194,7.46,7.16,7.62,7.13,192921,152237869.0,6.59,-3.63,-0.27,3.84
2022-04-27,002194,6.98,7.55,7.62,6.96,210258,164538276.0,9.22,5.45,0.39,4.19
2022-04-28,002194,7.71,7.65,8.01,7.5,304288,249362874.0,6.75,1.32,0.1,6.06
2022-04-29,002194,7.64,7.91,8.01,7.55,237319,196670242.0,6.01,3.4,0.26,4.73
2022-05-05,002194,7.87,8.0,8.08,7.79,202878,171363806.0,3.67,1.14,0.09,4.04
2022-05-06,002194,7.82,8.42,8.76,7.73,424412,366635152.0,12.88,5.25,0.42,8.45
2022-05-09,002194,8.18,8.32,8.42,8.08,290497,252360541.0,4.04,-1.19,-0.1,5.78
2022-05-10,002194,8.18,8.42,8.55,8.1,257828,225947492.0,5.41,1.2,0.1,5.13
2022-05-11,002194,8.42,8.32,8.66,8.31,319934,285363776.0,4.16,-1.19,-0.1,6.37
2022-05-12,002194,8.18,8.52,8.64,8.15,290379,259228851.0,5.89,2.4,0.2,5.78
2022-05-13,002194,8.53,8.53,8.65,8.46,181081,162142888.0,2.23,0.12,0.01,3.61
2022-05-16,002194,8.53,8.44,8.6,8.38,160023,142171662.0,2.58,-1.06,-0.09,3.19
2022-05-17,002194,8.39,8.49,8.49,8.2,166330,146140580.0,3.44,0.59,0.05,3.31
2022-05-18,002194,8.58,8.71,9.06,8.43,416410,380315328.0,7.42,2.59,0.22,8.29
2022-05-19,002194,8.48,8.57,8.59,8.23,243467,217340847.0,4.13,-1.61,-0.14,4.85
2022-05-20,002194,8.59,8.68,8.72,8.49,245925,222274163.0,2.68,1.28,0.11,4.9
2022-05-23,002194,8.74,8.65,8.74,8.51,192390,173637961.0,2.65,-0.35,-0.03,3.83
2022-05-24,002194,8.64,8.04,8.64,8.04,226323,198232179.0,6.94,-7.05,-0.61,4.51
2022-05-25,002194,8.05,8.34,8.42,8.05,212213,184870682.0,4.6,3.73,0.3,4.23
2022-05-26,002194,8.41,9.22,9.22,8.16,252208,231792586.0,12.71,10.55,0.88,5.02
2022-05-27,002194,9.59,9.57,10.02,9.48,886661,897609872.0,5.86,3.8,0.35,17.66
2022-05-30,002194,9.3,9.62,9.87,9.23,530858,530774000.0,6.69,0.52,0.05,10.57
2022-05-31,002194,9.53,9.86,10.02,9.27,555774,564166208.0,7.8,2.49,0.24,11.07
2022-06-01,002194,9.68,9.65,9.98,9.49,405673,409340320.0,4.97,-2.13,-0.21,8.08
2022-06-02,002194,9.5,9.5,9.65,9.4,284555,282113920.0,2.59,-1.55,-0.15,5.67
2022-06-06,002194,9.41,9.51,9.56,9.37,244641,241905850.0,2.0,0.11,0.01,4.87
2022-06-07,002194,9.59,9.49,9.7,9.28,296524,294642528.0,4.42,-0.21,-0.02,5.9
2022-06-08,002194,9.43,9.27,9.51,9.04,312881,303663264.0,4.95,-2.32,-0.22,6.23
2022-06-09,002194,9.19,8.99,9.25,8.88,212282,201161893.0,3.99,-3.02,-0.28,4.23
2022-06-10,002194,8.95,9.09,9.16,8.94,189893,180455545.0,2.45,1.11,0.1,3.78
2022-06-13,002194,8.86,8.97,9.1,8.82,219306,205112445.0,3.08,-1.32,-0.12,4.37
2022-06-14,002194,8.89,8.86,9.02,8.54,235127,215594409.0,5.35,-1.23,-0.11,4.68
2022-06-15,002194,8.85,8.9,9.02,8.82,194361,182125069.0,2.26,0.45,0.04,3.87
2022-06-16,002194,8.9,9.47,9.47,8.85,487936,472257632.0,6.97,6.4,0.57,9.72
2022-06-17,002194,9.29,9.2,9.43,9.05,314416,302940400.0,4.01,-2.85,-0.27,6.26
2022-06-20,002194,9.21,9.31,9.38,9.12,218058,211189346.0,2.83,1.2,0.11,4.34
2022-06-21,002194,9.25,8.96,9.27,8.85,266645,251703926.0,4.51,-3.76,-0.35,5.31
2022-06-22,002194,8.96,8.68,9.0,8.68,177897,164542119.0,3.57,-3.13,-0.28,3.54
2022-06-23,002194,8.67,8.84,8.86,8.63,151607,139256590.0,2.65,1.84,0.16,3.02
2022-06-24,002194,8.9,8.9,9.02,8.84,150410,140499062.0,2.04,0.68,0.06,2.99
2022-06-27,002194,8.98,8.92,9.04,8.86,165264,154835825.0,2.02,0.22,0.02,3.29
2022-06-28,002194,8.98,9.02,9.04,8.78,162860,152617288.0,2.91,1.12,0.1,3.24
2022-06-29,002194,9.06,9.96,9.96,9.0,462637,460780144.0,10.64,10.42,0.94,9.21
2022-06-30,002194,9.93,10.16,11.0,9.53,1012162,1084171648.0,14.76,2.01,0.2,20.15
2022-07-01,002194,9.83,9.71,10.09,9.66,507779,521107728.0,4.23,-4.43,-0.45,10.11
2022-07-04,002194,9.59,9.44,9.78,9.38,396569,394033664.0,4.12,-2.78,-0.27,7.9
2022-07-05,002194,9.45,9.94,10.04,9.45,577322,590490736.0,6.25,5.3,0.5,11.5
2022-07-06,002194,9.68,9.55,9.78,9.43,327544,327753936.0,3.52,-3.92,-0.39,6.52
2022-07-07,002194,9.5,9.66,9.79,9.42,262444,262534202.0,3.87,1.15,0.11,5.23
2022-07-08,002194,9.58,9.62,10.06,9.54,282182,287268048.0,5.38,-0.41,-0.04,5.62
2022-07-11,002194,9.52,9.18,9.52,9.08,314306,303459936.0,4.57,-4.57,-0.44,6.26
2022-07-12,002194,9.17,9.1,9.25,9.04,158906,152083869.57,2.29,-0.87,-0.08,3.16
2022-07-13,002194,9.08,9.23,9.32,9.06,164108,157527806.98,2.86,1.43,0.13,3.27
2022-07-14,002194,9.13,9.17,9.36,9.07,165151,159207728.56,3.14,-0.65,-0.06,3.29
2022-07-15,002194,9.08,9.23,9.39,8.92,221826,212890030.65,5.13,0.65,0.06,4.42
2022-07-18,002194,9.16,9.62,9.74,9.14,308745,305136337.34,6.5,4.23,0.39,6.15
2022-07-19,002194,9.54,10.03,10.62,9.48,808225,861185018.58,11.85,4.26,0.41,16.09
2022-07-20,002194,9.89,10.36,10.66,9.87,706842,753227210.29,7.88,3.29,0.33,14.07
2022-07-21,002194,10.22,10.43,11.02,10.15,653974,716072640.05,8.4,0.68,0.07,13.02
2022-07-22,002194,10.37,10.27,10.53,10.16,375496,403464943.63,3.55,-1.53,-0.16,7.48
2022-07-25,002194,10.28,10.11,10.38,9.95,270414,284536063.54,4.19,-1.56,-0.16,5.38
2022-07-26,002194,10.17,10.16,10.26,9.99,217571,229229160.23,2.67,0.49,0.05,4.33
2022-07-27,002194,10.11,10.41,10.64,10.06,420715,453011625.1,5.71,2.46,0.25,8.38
2022-07-28,002194,10.34,10.3,10.61,10.29,377896,410072458.79,3.07,-1.06,-0.11,7.52
2022-07-29,002194,10.38,10.3,10.49,10.24,258242,278587888.0,2.43,0.0,0.0,5.14
2022-08-01,002194,10.26,10.28,10.49,10.1,225288,242398138.66,3.79,-0.19,-0.02,4.49
2022-08-02,002194,10.14,9.72,10.23,9.51,339801,347109994.19,7.0,-5.45,-0.56,6.77
2022-08-03,002194,9.84,10.02,10.55,9.84,399023,424339436.32,7.3,3.09,0.3,7.95
2022-08-04,002194,10.17,10.32,10.32,9.99,265899,281451009.74,3.29,2.99,0.3,5.29
2022-08-05,002194,10.24,10.71,10.83,10.23,520460,571586388.72,5.81,3.78,0.39,10.36
2022-08-08,002194,10.76,10.69,10.98,10.46,426290,471981388.21,4.86,-0.19,-0.02,8.49
2022-08-09,002194,10.61,11.12,11.26,10.39,584267,655608547.61,8.14,4.02,0.43,11.63
2022-08-10,002194,11.23,10.81,11.23,10.75,480281,544915638.33,4.32,-2.79,-0.31,9.56
2022-08-11,002194,10.89,10.84,11.11,10.74,406628,460559912.71,3.42,0.28,0.03,8.1
2022-08-12,002194,10.73,10.62,10.93,10.6,279634,312417240.36,3.04,-2.03,-0.22,5.57
2022-08-15,002194,10.54,10.64,10.75,10.44,228309,251637777.96,2.92,0.19,0.02,4.55
2022-08-16,002194,10.61,10.48,10.61,10.43,226042,246781520.86,1.69,-1.5,-0.16,4.5
2022-08-17,002194,10.47,10.78,10.78,10.38,269028,296607970.69,3.82,2.86,0.3,5.36
2022-08-18,002194,10.78,10.79,10.98,10.68,260922,292879345.86,2.78,0.09,0.01,5.2
2022-08-19,002194,10.75,10.34,10.95,10.29,252805,278343645.22,6.12,-4.17,-0.45,5.03
2022-08-22,002194,10.26,10.45,10.53,10.14,137824,149061341.0,3.77,1.06,0.11,2.74
2022-08-23,002194,10.36,10.41,10.5,10.29,124408,134428925.61,2.01,-0.38,-0.04,2.48
2022-08-24,002194,10.35,9.85,10.4,9.83,221738,231634994.06,5.48,-5.38,-0.56,4.4
2022-08-25,002194,9.83,9.66,9.93,9.48,178727,180259833.28,4.57,-1.93,-0.19,3.55
2022-08-26,002194,9.74,9.61,9.93,9.58,117725,119464849.26,3.62,-0.52,-0.05,2.34
2022-08-29,002194,9.39,9.68,9.72,9.36,88916,88964086.31,3.75,0.73,0.07,1.76
2022-08-30,002194,9.65,9.87,9.96,9.63,115020,117704129.02,3.41,1.96,0.19,2.28
2022-08-31,002194,9.85,9.58,9.89,9.53,116541,117412040.35,3.65,-2.94,-0.29,2.31
2022-09-01,002194,9.53,9.76,9.78,9.5,113539,114856988.23,2.92,1.88,0.18,2.25
2022-09-02,002194,9.76,10.11,10.2,9.68,225907,235601720.83,5.33,3.59,0.35,4.48
2022-09-05,002194,9.96,10.13,10.18,9.88,142216,148446266.51,2.97,0.2,0.02,2.82
2022-09-06,002194,10.08,9.99,10.11,9.86,141615,147101222.18,2.47,-1.38,-0.14,2.81
2022-09-07,002194,10.04,10.03,10.3,10.01,169060,178530148.24,2.9,0.4,0.04,3.36
2022-09-08,002194,9.93,9.63,10.02,9.61,194615,198354788.38,4.09,-3.99,-0.4,3.85
2022-09-09,002194,9.61,9.83,10.13,9.49,186198,189731530.5,6.65,2.08,0.2,3.68
2022-09-13,002194,9.67,9.62,9.84,9.6,124981,126175387.88,2.44,-2.14,-0.21,2.47
2022-09-14,002194,9.48,9.31,9.51,9.21,142933,139669466.8,3.12,-3.22,-0.31,2.83
2022-09-15,002194,9.33,8.98,9.39,8.8,130097,123304224.18,6.34,-3.54,-0.33,2.57
2022-09-16,002194,8.97,8.84,9.12,8.84,77714,73117561.16,3.12,-1.56,-0.14,1.54
2022-09-19,002194,8.83,8.73,8.9,8.66,70425,64680237.88,2.71,-1.24,-0.11,1.39
2022-09-20,002194,8.82,8.86,8.96,8.81,54167,50371023.04,1.72,1.49,0.13,1.07
2022-09-21,002194,8.86,8.96,8.97,8.61,66730,61661429.39,4.06,1.13,0.1,1.32
2022-09-22,002194,8.85,8.89,9.05,8.83,56439,52903082.55,2.46,-0.78,-0.07,1.12
2022-09-23,002194,8.92,8.66,8.94,8.6,73870,67667915.4,3.82,-2.59,-0.23,1.46
2022-09-26,002194,8.66,8.38,8.66,8.35,80849,72050436.2,3.58,-3.23,-0.28,1.6
2022-09-27,002194,8.4,8.67,8.68,8.4,73379,65947869.89,3.34,3.46,0.29,1.45
2022-09-28,002194,8.64,8.39,8.64,8.39,64630,57789860.21,2.88,-3.23,-0.28,1.28
2022-09-29,002194,8.48,8.26,8.55,8.21,62140,54568353.76,4.05,-1.55,-0.13,1.23
2022-09-30,002194,8.29,8.26,8.34,8.14,46174,40066127.8,2.42,0.0,0.0,0.91
2022-10-10,002194,8.26,7.95,8.29,7.94,56982,48438840.12,4.24,-3.75,-0.31,1.13
2022-10-11,002194,8.0,8.14,8.17,7.94,58839,49972650.6,2.89,2.39,0.19,1.16
2022-10-12,002194,8.23,8.95,9.0,8.23,312772,289574045.34,9.46,9.95,0.81,6.18
2022-10-13,002194,8.64,8.71,8.88,8.64,229477,210867838.7,2.68,-2.68,-0.24,4.54
2022-10-14,002194,8.85,8.81,8.92,8.74,156124,144377951.13,2.07,1.15,0.1,3.09
2022-10-17,002194,8.74,8.98,9.0,8.71,141176,131761115.09,3.29,1.93,0.17,2.79
2022-10-18,002194,8.98,9.07,9.2,8.84,182079,171862705.18,4.01,1.0,0.09,3.6
2022-10-19,002194,9.04,8.94,9.13,8.93,115306,108563321.08,2.21,-1.43,-0.13,2.28
2022-10-20,002194,8.88,8.95,9.13,8.79,139345,130932797.4,3.8,0.11,0.01,2.76
2022-10-21,002194,8.98,9.07,9.14,8.89,132496,125179748.96,2.79,1.34,0.12,2.62
2022-10-24,002194,9.1,8.91,9.2,8.85,145104,137354651.35,3.86,-1.76,-0.16,2.87
2022-10-25,002194,8.86,8.94,9.0,8.77,99066,92310046.14,2.58,0.34,0.03,1.96
2022-10-26,002194,8.98,9.15,9.28,8.91,186002,177957863.19,4.14,2.35,0.21,3.68
2022-10-27,002194,9.23,9.27,9.42,9.19,173834,168992212.11,2.51,1.31,0.12,3.44
2022-10-28,002194,9.19,8.89,9.34,8.84,152177,144390414.84,5.39,-4.1,-0.38,3.01
2022-10-31,002194,8.9,9.16,9.23,8.85,126325,120498800.69,4.27,3.04,0.27,2.5
2022-11-01,002194,9.17,9.3,9.32,9.04,150001,144169214.97,3.06,1.53,0.14,2.97
2022-11-02,002194,9.24,9.83,10.27,9.21,370097,375353164.97,11.4,5.7,0.53,7.32
2022-11-03,002194,9.58,9.56,9.68,9.45,247572,247320545.98,2.34,-2.75,-0.27,4.9
2022-11-04,002194,9.58,9.66,9.7,9.53,170837,171810391.04,1.78,1.05,0.1,3.38
2022-11-07,002194,9.58,9.71,9.85,9.49,189184,190637508.26,3.73,0.52,0.05,3.74
2022-11-08,002194,9.65,9.61,9.67,9.53,107535,107503427.95,1.44,-1.03,-0.1,2.13
2022-11-09,002194,9.58,9.51,9.67,9.48,87329,86800937.43,1.98,-1.04,-0.1,1.73
2022-11-10,002194,9.43,9.49,9.6,9.41,78275,77770617.44,2.0,-0.21,-0.02,1.55
2022-11-11,002194,9.68,9.81,10.18,9.6,346309,356857350.81,6.11,3.37,0.32,6.85
2022-11-14,002194,9.73,10.01,10.52,9.71,418896,443300634.7,8.26,2.04,0.2,8.28
2022-11-15,002194,9.82,10.31,10.48,9.82,430544,460202287.91,6.59,3.0,0.3,8.51
2022-11-16,002194,10.28,11.38,11.38,10.26,825881,940391503.58,10.86,10.38,1.07,16.33
2022-11-17,002194,11.38,10.86,11.38,10.64,901053,1020026117.98,6.5,-4.57,-0.52,17.82
2022-11-18,002194,10.95,10.62,11.06,10.61,506426,567361680.01,4.14,-2.21,-0.24,10.01
2022-11-21,002194,10.41,10.44,10.62,10.3,287511,311502308.13,3.01,-1.69,-0.18,5.69
2022-11-22,002194,10.39,10.47,10.84,10.18,552880,605517649.62,6.32,0.29,0.03,10.93
2022-11-23,002194,10.24,9.78,10.25,9.66,391939,403774943.56,5.64,-6.59,-0.69,7.75
2022-11-24,002194,9.78,9.78,9.88,9.69,163444,166521369.49,1.94,0.0,0.0,3.23
2022-11-25,002194,9.74,9.45,9.77,9.4,241661,241291580.91,3.78,-3.37,-0.33,4.78
2022-11-28,002194,9.23,9.37,9.43,9.2,120510,117611243.51,2.43,-0.85,-0.08,2.38
2022-11-29,002194,9.33,9.59,9.62,9.33,145109,144207055.11,3.09,2.35,0.22,2.87
2022-11-30,002194,9.58,9.6,9.69,9.46,134774,134756784.93,2.4,0.1,0.01,2.66
2022-12-01,002194,9.66,9.75,9.91,9.64,209190,213317980.68,2.81,1.56,0.15,4.14
2022-12-02,002194,9.73,9.67,9.81,9.61,142202,143896758.11,2.05,-0.82,-0.08,2.81
2022-12-05,002194,9.7,9.81,9.82,9.67,150671,153323681.44,1.55,1.45,0.14,2.98
2022-12-06,002194,9.71,9.64,9.83,9.6,138163,139482191.54,2.34,-1.73,-0.17,2.73
2022-12-07,002194,9.61,9.64,9.74,9.55,124316,125149140.86,1.97,0.0,0.0,2.46
2022-12-08,002194,9.59,9.32,9.61,9.32,214847,211749318.09,3.01,-3.32,-0.32,4.25
2022-12-09,002194,9.29,9.11,9.41,9.08,263733,253273679.73,3.54,-2.25,-0.21,5.21
2022-12-12,002194,9.12,9.25,9.32,9.12,117831,113654652.85,2.2,1.54,0.14,2.33
2022-12-13,002194,9.26,9.0,9.27,9.0,122850,116795751.37,2.92,-2.7,-0.25,2.43
2022-12-14,002194,9.09,8.96,9.17,8.91,109281,103546249.74,2.89,-0.44,-0.04,2.16
2022-12-15,002194,8.93,9.07,9.16,8.89,104752,99471049.28,3.01,1.23,0.11,2.07
2022-12-16,002194,9.0,8.86,9.07,8.82,105732,98445554.16,2.76,-2.32,-0.21,2.09
2022-12-19,002194,8.89,8.7,8.9,8.64,87942,80506190.8,2.93,-1.81,-0.16,1.74
2022-12-20,002194,8.68,8.76,8.81,8.65,82186,75224851.36,1.84,0.69,0.06,1.63
2022-12-21,002194,8.79,8.65,8.81,8.58,79944,72655575.08,2.63,-1.26,-0.11,1.58
2022-12-22,002194,8.7,8.53,8.72,8.51,75608,68355511.81,2.43,-1.39,-0.12,1.5
2022-12-23,002194,8.46,8.6,8.67,8.44,56933,51179174.2,2.7,0.82,0.07,1.13
2022-12-26,002194,8.58,8.71,8.75,8.54,91360,83232066.7,2.44,1.28,0.11,1.81
2022-12-27,002194,8.74,8.72,8.74,8.61,74983,68188563.74,1.49,0.11,0.01,1.48
2022-12-28,002194,8.67,8.59,8.71,8.54,60667,54855618.52,1.95,-1.49,-0.13,1.2
2022-12-29,002194,8.58,8.68,8.71,8.53,62725,56878063.96,2.1,1.05,0.09,1.24
2022-12-30,002194,8.71,8.79,8.84,8.65,101101,92895425.17,2.19,1.27,0.11,2.0
2023-01-03,002194,8.81,9.16,9.17,8.73,200955,188995986.26,5.01,4.21,0.37,3.97
2023-01-04,002194,9.08,9.1,9.21,9.03,134374,127796850.02,1.97,-0.66,-0.06,2.66
2023-01-05,002194,9.13,9.17,9.22,9.04,116567,111457941.47,1.98,0.77,0.07,2.3
2023-01-06,002194,9.11,9.16,9.27,9.11,137692,132440820.13,1.74,-0.11,-0.01,2.72
2023-01-09,002194,9.2,9.16,9.28,9.13,95116,91518421.25,1.64,0.0,0.0,1.88
2023-01-10,002194,9.15,9.08,9.16,9.05,76634,72862440.7,1.2,-0.87,-0.08,1.52
2023-01-11,002194,9.08,9.29,9.52,9.06,253356,247500467.9,5.07,2.31,0.21,5.01
2023-01-12,002194,9.17,9.12,9.28,9.06,175244,167126579.47,2.37,-1.83,-0.17,3.47
2023-01-13,002194,9.17,9.1,9.18,9.0,94072,89410337.9,1.97,-0.22,-0.02,1.86
2023-01-16,002194,9.1,9.22,9.29,9.08,117639,113307436.01,2.31,1.32,0.12,2.33
2023-01-17,002194,9.22,9.28,9.34,9.19,111297,107850232.12,1.63,0.65,0.06,2.2
2023-01-18,002194,9.29,9.48,9.53,9.25,187662,184867168.73,3.02,2.16,0.2,3.71
2023-01-19,002194,9.43,9.48,9.48,9.35,111718,110108299.55,1.37,0.0,0.0,2.21
2023-01-20,002194,9.48,9.58,9.58,9.44,142639,141942199.97,1.48,1.05,0.1,2.82
2023-01-30,002194,9.76,9.6,9.76,9.54,186104,186854768.32,2.3,0.21,0.02,3.68
2023-01-31,002194,9.54,9.68,9.72,9.49,140437,141524554.28,2.4,0.83,0.08,2.78
2023-02-01,002194,9.68,9.89,9.91,9.63,176680,180991677.02,2.89,2.17,0.21,3.49
2023-02-02,002194,9.9,9.84,9.98,9.81,166228,171443640.19,1.72,-0.51,-0.05,3.29
2023-02-03,002194,9.83,9.91,9.91,9.69,171838,175786326.18,2.24,0.71,0.07,3.4
2023-02-06,002194,9.88,9.94,10.01,9.8,119721,123620239.09,2.12,0.3,0.03,2.37
2023-02-07,002194,9.93,10.02,10.07,9.83,159862,165938790.2,2.41,0.8,0.08,3.16
2023-02-08,002194,9.98,9.82,10.08,9.81,171358,176878731.13,2.69,-2.0,-0.2,3.39
2023-02-09,002194,9.84,10.16,10.21,9.79,254473,266726796.9,4.28,3.46,0.34,5.03
2023-02-10,002194,10.09,10.12,10.32,10.04,189032,200214249.7,2.76,-0.39,-0.04,3.74
2023-02-13,002194,10.1,10.19,10.25,10.05,170495,179982509.03,1.98,0.69,0.07,3.37
2023-02-14,002194,10.16,10.2,10.37,10.11,146573,155828903.23,2.55,0.1,0.01,2.9
2023-02-15,002194,10.14,10.43,10.49,10.13,261625,282900134.79,3.53,2.25,0.23,5.17
2023-02-16,002194,10.38,10.21,10.94,10.11,446574,486461063.39,7.96,-2.11,-0.22,8.83
2023-02-17,002194,10.27,9.92,10.3,9.92,258758,270651155.6,3.72,-2.84,-0.29,5.12
2023-02-20,002194,10.08,10.21,10.3,10.06,213646,225853894.2,2.42,2.92,0.29,4.22
2023-02-21,002194,10.26,10.27,10.37,10.12,168124,179276638.93,2.45,0.59,0.06,3.32
2023-02-22,002194,10.29,10.39,10.51,10.2,236133,254607952.8,3.02,1.17,0.12,4.67
2023-02-23,002194,10.29,10.09,10.36,10.02,211337,223721157.0,3.27,-2.89,-0.3,4.18
2023-02-24,002194,10.07,10.41,10.49,10.06,321056,346667146.89,4.26,3.17,0.32,6.35
2023-02-27,002194,10.31,10.12,10.34,10.06,233982,247757470.57,2.69,-2.79,-0.29,4.63
2023-02-28,002194,10.23,10.37,10.5,10.16,291989,314406301.39,3.36,2.47,0.25,5.77
2023-03-01,002194,10.41,10.67,10.75,10.36,466819,515158650.23,3.76,2.89,0.3,9.23
2023-03-02,002194,10.65,10.66,10.98,10.61,478957,536335444.47,3.47,-0.09,-0.01,9.47
2023-03-03,002194,10.6,10.55,10.76,10.46,291798,320900658.11,2.81,-1.03,-0.11,5.77
2023-03-06,002194,10.53,10.59,10.8,10.51,291227,322756064.11,2.75,0.38,0.04,5.76
2023-03-07,002194,10.54,10.11,10.6,10.09,313247,335791523.14,4.82,-4.53,-0.48,6.19
2023-03-08,002194,10.09,10.42,10.5,10.06,239515,258012350.96,4.35,3.07,0.31,4.74
2023-03-09,002194,10.42,10.56,10.66,10.24,227063,246600724.29,4.03,1.34,0.14,4.49
2023-03-10,002194,10.45,10.28,10.56,10.26,178571,192754622.73,2.84,-2.65,-0.28,3.53
2023-03-13,002194,10.18,10.33,10.34,10.09,182361,194499059.55,2.43,0.49,0.05,3.61
2023-03-14,002194,10.29,10.13,10.29,9.91,220031,231605161.75,3.68,-1.94,-0.2,4.35
2023-03-15,002194,10.2,10.01,10.25,9.98,175158,184499779.51,2.67,-1.18,-0.12,3.46
2023-03-16,002194,9.91,9.71,10.03,9.68,166405,170149414.7,3.5,-3.0,-0.3,3.29
2023-03-17,002194,9.83,10.16,10.28,9.82,279500,294538578.2,4.74,4.63,0.45,5.53
2023-03-20,002194,10.2,10.1,10.47,10.07,218411,233446582.74,3.94,-0.59,-0.06,4.32
2023-03-21,002194,10.13,10.24,10.25,9.91,148880,157224044.89,3.37,1.39,0.14,2.94
2023-03-22,002194,10.32,10.66,10.7,10.19,323346,354638914.99,4.98,4.1,0.42,6.39
2023-03-23,002194,10.68,10.85,10.94,10.56,339788,381103184.79,3.56,1.78,0.19,6.72
2023-03-24,002194,10.82,10.83,10.9,10.61,242008,270926515.91,2.67,-0.18,-0.02,4.79
2023-03-27,002194,10.86,10.91,11.07,10.68,297419,336651978.07,3.6,0.74,0.08,5.88
2023-03-28,002194,10.93,10.85,11.2,10.82,279989,319034451.43,3.48,-0.55,-0.06,5.54
2023-03-29,002194,10.83,10.92,11.06,10.71,254663,288275944.94,3.23,0.65,0.07,5.04
2023-03-30,002194,11.0,10.63,11.02,10.55,226940,252509144.59,4.3,-2.66,-0.29,4.49
2023-03-31,002194,10.74,10.67,10.77,10.39,229805,252466709.47,3.57,0.38,0.04,4.52
2023-04-03,002194,10.76,10.87,10.9,10.63,216030,242220736.46,2.53,1.87,0.2,4.25
2023-04-04,002194,11.0,11.01,11.16,10.81,295474,337135625.86,3.22,1.29,0.14,5.82
2023-04-06,002194,10.91,11.23,11.43,10.82,355635,412619110.96,5.54,2.0,0.22,7.0
2023-04-07,002194,11.21,11.16,11.28,11.05,227475,263588268.37,2.05,-0.62,-0.07,4.48
2023-04-10,002194,11.08,11.14,11.54,11.08,364296,427554840.38,4.12,-0.18,-0.02,7.17
2023-04-11,002194,11.06,11.0,11.2,10.91,218821,250376651.4,2.6,-1.26,-0.14,4.31
2023-04-12,002194,10.97,11.26,11.26,10.9,256451,297370473.97,3.27,2.36,0.26,5.05
2023-04-13,002194,11.18,10.79,11.21,10.73,267012,301635310.07,4.26,-4.17,-0.47,5.26
2023-04-14,002194,10.81,10.71,10.88,10.49,199911,221759217.24,3.61,-0.74,-0.08,3.93
2023-04-17,002194,10.63,10.42,10.67,10.37,174421,189678011.02,2.8,-2.71,-0.29,3.43
2023-04-18,002194,10.39,10.46,10.61,10.15,217775,235505743.33,4.41,0.38,0.04,4.29
2023-04-19,002194,10.39,11.55,11.55,10.34,392299,457080564.38,11.57,10.42,1.09,7.72
2023-04-20,002194,11.88,11.8,12.18,11.7,989246,1218002179.28,4.16,2.16,0.25,19.47
2023-04-21,002194,11.72,11.05,11.89,10.94,707125,832715915.22,8.05,-6.36,-0.75,13.92
2023-04-24,002194,10.91,11.5,11.96,10.88,684476,819743625.58,9.77,4.07,0.45,13.47
2023-04-25,002194,11.47,10.97,11.66,10.71,555869,638545092.83,8.26,-4.61,-0.53,10.94
2023-04-26,002194,10.8,9.83,10.86,9.83,653923,686561565.63,9.39,-10.39,-1.14,12.87
2023-04-27,002194,9.54,9.35,9.57,9.18,404883,396636032.96,3.97,-4.88,-0.48,7.97
2023-04-28,002194,9.35,9.76,9.83,9.29,325363,327887513.81,5.78,4.39,0.41,6.4
2023-05-04,002194,9.71,9.74,9.9,9.57,241887,244133441.41,3.38,-0.2,-0.02,4.76
2023-05-05,002194,9.69,9.33,9.7,9.25,242681,238116081.32,4.62,-4.21,-0.41,4.78
2023-05-08,002194,9.37,9.37,9.45,9.28,232634,227223580.12,1.82,0.43,0.04,4.58
2023-05-09,002194,9.39,9.02,9.43,9.0,301222,287292795.73,4.59,-3.74,-0.35,5.93
2023-05-10,002194,9.08,8.95,9.12,8.88,153612,144208810.82,2.66,-0.78,-0.07,3.02
2023-05-11,002194,8.96,8.96,9.0,8.88,135336,126778418.41,1.34,0.11,0.01,2.66
2023-05-12,002194,8.95,8.86,8.98,8.82,119858,111618925.08,1.79,-1.12,-0.1,2.36
2023-05-15,002194,8.86,9.03,9.03,8.71,143021,132808398.84,3.61,1.92,0.17,2.82
2023-05-16,002194,9.03,8.94,9.04,8.9,119603,108379467.02,1.55,-1.0,-0.09,2.35
2023-05-17,002194,8.93,8.99,9.03,8.86,107366,97602006.74,1.9,0.56,0.05,2.11
2023-05-18,002194,9.0,9.19,9.23,8.98,188403,174852156.95,2.78,2.22,0.2,3.71
2023-05-19,002194,9.1,9.22,9.23,9.07,125835,116840578.25,1.74,0.33,0.03,2.48
2023-05-22,002194,9.23,9.15,9.26,9.1,90374,83685211.51,1.74,-0.76,-0.07,1.78
2023-05-23,002194,9.19,9.1,9.21,9.06,79542,73457322.08,1.64,-0.55,-0.05,1.57
2023-05-24,002194,9.04,9.1,9.21,8.99,85843,79337288.69,2.42,0.0,0.0,1.69
2023-05-25,002194,9.07,9.09,9.24,8.94,128058,117750034.89,3.3,-0.11,-0.01,2.52
2023-05-26,002194,9.07,9.2,9.22,9.01,106083,98270953.8,2.31,1.21,0.11,2.09
2023-05-29,002194,9.18,9.33,9.43,9.13,192332,181842295.35,3.26,1.41,0.13,3.79
2023-05-30,002194,9.33,9.47,9.47,9.23,179956,170746494.7,2.57,1.5,0.14,3.54
2023-05-31,002194,9.45,9.49,9.52,9.39,149651,143412052.16,1.37,0.21,0.02,2.95
2023-06-01,002194,9.45,9.57,9.59,9.41,140555,135684495.41,1.9,0.84,0.08,2.77
2023-06-02,002194,9.56,9.65,9.96,9.51,265094,260907631.63,4.7,0.84,0.08,5.22
2023-06-05,002194,9.68,9.73,9.84,9.64,170793,168355573.87,2.07,0.83,0.08,3.36
2023-06-06,002194,9.7,9.54,9.94,9.49,211276,206943364.74,4.62,-1.95,-0.19,4.16
2023-06-07,002194,9.54,9.67,9.72,9.46,142573,139118089.72,2.73,1.36,0.13,2.81
2023-06-08,002194,9.65,9.59,9.7,9.49,107019,103955871.98,2.17,-0.83,-0.08,2.11
2023-06-09,002194,9.59,9.79,9.81,9.55,174996,172019888.8,2.71,2.09,0.2,3.45
2023-06-12,002194,9.79,9.91,9.94,9.78,172513,172470746.2,1.63,1.23,0.12,3.4
2023-06-13,002194,9.98,9.92,10.0,9.84,150229,150695483.98,1.61,0.1,0.01,2.96
2023-06-14,002194,9.89,10.06,10.08,9.85,211992,214233379.56,2.32,1.41,0.14,4.18
2023-06-15,002194,10.03,10.13,10.37,9.99,312886,322920045.77,3.78,0.7,0.07,6.16
2023-06-16,002194,10.01,10.62,10.99,9.91,528914,560633066.77,10.66,4.84,0.49,10.42
2023-06-19,002194,10.89,11.04,11.23,10.68,603480,671340759.28,5.18,3.95,0.42,11.89
2023-06-20,002194,10.88,10.79,10.96,10.71,384347,419954280.56,2.26,-2.26,-0.25,7.57
2023-06-21,002194,10.71,10.45,10.78,10.38,299298,318364014.84,3.71,-3.15,-0.34,5.9
2023-06-26,002194,10.34,10.12,10.53,10.06,218433,226622253.34,4.5,-3.16,-0.33,4.3
2023-06-27,002194,10.12,10.35,10.52,10.03,174121,181192248.67,4.84,2.27,0.23,3.43
2023-06-28,002194,10.34,10.15,10.4,9.86,233517,237649766.8,5.22,-1.93,-0.2,4.6
2023-06-29,002194,10.15,10.64,10.95,10.08,370172,393785895.21,8.57,4.83,0.49,7.29
2023-06-30,002194,10.48,10.81,10.96,10.47,444941,485123137.83,4.61,1.6,0.17,8.77
2023-07-03,002194,10.75,10.58,10.87,10.53,283716,304830346.86,3.15,-2.13,-0.23,5.59
2023-07-04,002194,10.51,10.66,10.73,10.48,204344,219264615.61,2.36,0.76,0.08,4.03
2023-07-05,002194,10.58,10.38,10.67,10.36,180388,191432748.8,2.91,-2.63,-0.28,3.55
2023-07-06,002194,10.36,10.5,10.63,10.34,140001,149163167.18,2.79,1.16,0.12,2.76
2023-07-07,002194,10.46,10.34,10.5,10.16,135411,141272005.8,3.24,-1.52,-0.16,2.67
2023-07-10,002194,10.34,10.22,10.41,10.14,119943,123887222.7,2.61,-1.16,-0.12,2.36
2023-07-11,002194,10.28,10.31,10.38,10.19,98796,102876039.2,1.86,0.88,0.09,1.95
2023-07-12,002194,10.32,9.98,10.35,9.96,149180,152661233.38,3.78,-3.2,-0.33,2.94
2023-07-13,002194,10.0,10.13,10.17,10.0,110229,112690929.2,1.7,1.5,0.15,2.17
2023-07-14,002194,10.15,10.36,10.47,10.14,166596,174342337.72,3.26,2.27,0.23,3.28
2023-07-17,002194,10.19,10.07,10.34,9.93,174606,178784600.6,3.96,-2.8,-0.29,3.44
2023-07-18,002194,10.07,9.82,10.11,9.8,155458,155932596.42,3.08,-2.48,-0.25,3.06
2023-07-19,002194,9.83,9.78,9.88,9.74,94024,93299760.52,1.43,-0.41,-0.04,1.85
2023-07-20,002194,9.8,9.54,9.81,9.5,118673,115757578.37,3.17,-2.45,-0.24,2.34
2023-07-21,002194,9.54,9.51,9.59,9.45,68262,65814451.4,1.47,-0.31,-0.03,1.34
2023-07-24,002194,9.45,9.54,9.67,9.42,58913,57073360.4,2.63,0.32,0.03,1.16
2023-07-25,002194,9.66,9.72,9.72,9.51,75225,73592665.2,2.2,1.89,0.18,1.48
2023-07-26,002194,9.69,9.46,9.71,9.44,104302,100538036.74,2.78,-2.67,-0.26,2.05
2023-07-27,002194,9.44,9.41,9.55,9.38,61897,59332480.98,1.8,-0.53,-0.05,1.22
2023-07-28,002194,9.36,9.53,9.56,9.34,67721,64973516.85,2.34,1.28,0.12,1.33
2023-07-31,002194,9.53,9.59,9.66,9.46,68240,66285752.8,2.1,0.63,0.06,1.34
2023-08-01,002194,9.6,9.6,9.65,9.51,57433,55647413.96,1.46,0.1,0.01,1.13
2023-08-02,002194,9.56,9.66,9.71,9.56,84618,82662870.96,1.56,0.63,0.06,1.67
2023-08-03,002194,9.6,9.59,9.66,9.54,67461,65507429.4,1.24,-0.72,-0.07,1.33
2023-08-04,002194,9.59,9.77,9.81,9.58,129138,127287223.16,2.4,1.88,0.18,2.54
2023-08-07,002194,9.62,9.53,9.73,9.5,134941,131311689.86,2.35,-2.46,-0.24,2.66
2023-08-08,002194,9.52,9.4,9.57,9.38,101588,97248927.4,1.99,-1.36,-0.13,2.0
2023-08-09,002194,9.38,9.19,9.4,9.18,88210,82791938.6,2.34,-2.23,-0.21,1.74
2023-08-10,002194,9.22,9.2,9.3,9.15,60269,56249798.8,1.63,0.11,0.01,1.19
2023-08-11,002194,9.21,9.04,9.25,9.04,101233,93788458.58,2.28,-1.74,-0.16,1.99
2023-08-14,002194,8.99,9.14,9.16,8.98,53328,48929144.44,1.99,1.11,0.1,1.05
2023-08-15,002194,9.15,9.06,9.25,8.99,60673,55910562.94,2.84,-0.88,-0.08,1.2
2023-08-16,002194,9.03,8.92,9.05,8.89,63453,57551312.48,1.77,-1.55,-0.14,1.25
2023-08-17,002194,8.9,9.04,9.1,8.8,55212,50221423.33,3.36,1.35,0.12,1.09
2023-08-18,002194,9.04,8.86,9.08,8.85,52813,47992173.12,2.54,-1.99,-0.18,1.04
2023-08-21,002194,8.83,8.89,9.01,8.83,47341,42845043.6,2.03,0.34,0.03,0.93
2023-08-22,002194,8.9,8.98,9.0,8.71,88750,79914652.2,3.26,1.01,0.09,1.74
2023-08-23,002194,8.93,8.82,8.93,8.8,52619,47201644.0,1.45,-1.78,-0.16,1.03
2023-08-24,002194,8.84,8.77,8.9,8.71,55236,49254324.22,2.15,-0.57,-0.05,1.09
2023-08-25,002194,8.77,8.43,8.77,8.39,99482,85999661.02,4.33,-3.88,-0.34,1.95
2023-08-28,002194,8.86,8.6,8.92,8.55,111297,98752223.73,4.39,2.02,0.17,2.19
2023-08-29,002194,8.59,8.87,8.88,8.55,86911,77364130.2,3.84,3.14,0.27,1.71
2023-08-30,002194,8.97,9.02,9.13,8.93,101071,92574599.27,2.25,1.69,0.15,1.99
2023-08-31,002194,8.98,9.06,9.06,8.91,67600,61676704.8,1.66,0.44,0.04,1.33
2023-09-01,002194,9.04,9.0,9.06,8.93,50632,46177541.2,1.43,-0.66,-0.06,0.99
2023-09-04,002194,9.04,9.17,9.18,9.0,84955,78326002.39,2.0,1.89,0.17,1.67
2023-09-05,002194,9.13,9.17,9.29,9.12,81463,76018941.25,1.85,0.0,0.0,1.6
2023-09-06,002194,9.13,9.38,9.4,9.07,133874,125952614.93,3.6,2.29,0.21,2.63
2023-09-07,002194,9.36,9.23,9.44,9.22,129506,122239205.6,2.35,-1.6,-0.15,2.54
2023-09-08,002194,9.23,9.37,9.4,9.14,98428,92850104.2,2.82,1.52,0.14,1.93
2023-09-11,002194,9.44,9.46,9.51,9.31,119132,113554783.2,2.13,0.96,0.09,2.34
2023-09-12,002194,9.44,9.39,9.49,9.36,90660,86346805.32,1.37,-0.74,-0.07,1.78
2023-09-13,002194,9.39,9.78,10.14,9.16,295466,286043886.11,10.44,4.15,0.39,5.81
2023-09-14,002194,10.77,10.77,10.77,10.77,206743,225143028.99,0.0,10.12,0.99,4.06
2023-09-15,002194,11.86,11.86,11.86,11.64,625984,748794887.16,2.04,10.12,1.09,12.3
2023-09-18,002194,11.77,11.46,12.36,11.31,1667762,1989603156.83,8.85,-3.37,-0.4,32.79
2023-09-19,002194,10.99,10.64,11.25,10.42,1059339,1156553320.7,7.24,-7.16,-0.82,20.83
2023-09-20,002194,10.43,10.35,10.86,10.19,803632,853618558.72,6.3,-2.73,-0.29,15.8
2023-09-21,002194,10.26,10.74,11.17,10.19,906020,987770410.41,9.47,3.77,0.39,17.81
2023-09-22,002194,10.57,10.57,10.7,10.26,656439,698340780.11,4.1,-1.58,-0.17,12.91
2023-09-25,002194,10.63,10.67,10.93,10.41,649758,705030507.09,4.92,0.95,0.1,12.77
2023-09-26,002194,10.41,10.39,10.65,10.2,533243,558848365.07,4.22,-2.62,-0.28,10.48
2023-09-27,002194,10.3,10.15,10.34,10.06,418587,431953086.47,2.69,-2.31,-0.24,8.23
2023-09-28,002194,10.29,10.78,11.03,10.28,806401,871379674.27,7.39,6.21,0.63,15.85
2023-10-09,002194,10.82,11.11,11.35,10.67,807976,899613562.38,6.31,3.06,0.33,15.88
2023-10-10,002194,11.24,11.17,11.68,11.08,816345,933366994.8,5.4,0.54,0.06,16.05
2023-10-11,002194,11.64,11.51,11.96,11.15,993883,1155927306.45,7.25,3.04,0.34,19.54
2023-10-12,002194,11.23,12.27,12.67,11.23,1528368,1887028027.62,12.51,6.6,0.76,30.05
2023-10-13,002194,11.85,12.69,13.37,11.58,1474897,1854367240.36,14.59,3.42,0.42,29.0
2023-10-16,002194,12.55,12.69,13.3,12.15,1146515,1481247303.94,9.06,0.0,0.0,22.54
2023-10-17,002194,12.28,11.66,12.28,11.56,916549,1097973667.33,5.67,-8.12,-1.03,18.02
2023-10-18,002194,11.68,11.73,11.88,11.37,669251,785860135.22,4.37,0.6,0.07,13.16
2023-10-19,002194,11.45,11.24,11.65,11.18,569418,654610250.4,4.01,-4.18,-0.49,11.19
2023-10-20,002194,11.05,10.58,11.19,10.54,486692,529838768.88,5.78,-5.87,-0.66,9.57
2023-10-23,002194,10.97,11.65,11.65,10.94,246116,284721363.4,6.71,10.11,1.07,4.84
2023-10-24,002194,11.89,11.69,12.0,11.51,888762,1055625588.31,4.21,0.34,0.04,17.47
2023-10-25,002194,11.45,11.88,12.05,11.43,684736,816039471.66,5.3,1.63,0.19,13.46
2023-10-26,002194,11.66,11.99,12.46,11.59,766114,932817906.49,7.32,0.93,0.11,15.06
2023-10-27,002194,11.83,11.45,11.86,11.41,572798,668614385.67,3.75,-4.5,-0.54,11.26
2023-10-30,002194,11.08,11.29,11.36,11.06,413329,468161252.82,2.62,-1.4,-0.16,8.13
2023-10-31,002194,11.28,11.04,11.43,10.92,380233,427765515.88,4.52,-2.21,-0.25,7.48
2023-11-01,002194,10.97,10.73,11.06,10.71,296902,324704641.29,3.17,-2.81,-0.31,5.84
2023-11-02,002194,10.68,10.44,10.78,10.41,259727,277700925.62,3.45,-2.7,-0.29,5.11
2023-11-03,002194,10.47,10.61,10.65,10.42,215865,231100136.04,2.2,1.63,0.17,4.24
2023-11-06,002194,10.66,10.88,10.93,10.65,308277,336365825.07,2.64,2.54,0.27,6.06
2023-11-07,002194,10.93,10.96,11.03,10.73,322746,355281385.2,2.76,0.74,0.08,6.34
2023-11-08,002194,10.99,11.04,11.17,10.82,343434,381674333.44,3.19,0.73,0.08,6.75
2023-11-09,002194,10.96,10.93,11.18,10.85,269736,299573150.65,2.99,-1.0,-0.11,5.3
2023-11-10,002194,10.88,10.87,11.1,10.78,227348,251372566.12,2.93,-0.55,-0.06,4.47
2023-11-13,002194,10.93,11.09,11.22,10.89,292077,327112779.67,3.04,2.02,0.22,5.74
2023-11-14,002194,11.22,11.3,11.37,11.01,404528,459936755.46,3.25,1.89,0.21,7.95
2023-11-15,002194,11.37,11.33,11.47,11.18,333370,380892552.11,2.57,0.27,0.03,6.55
2023-11-16,002194,11.33,11.23,11.41,11.18,199130,226926305.76,2.03,-0.88,-0.1,3.91
2023-11-17,002194,11.2,11.22,11.27,11.05,209077,235322932.82,1.96,-0.09,-0.01,4.11
2023-11-20,002194,11.22,11.12,11.22,11.06,189732,213130874.74,1.43,-0.89,-0.1,3.73
2023-11-21,002194,11.14,10.99,11.21,10.96,278616,311778846.74,2.25,-1.17,-0.13,5.48
2023-11-22,002194,10.99,10.68,10.99,10.68,200136,218628989.02,2.82,-2.82,-0.31,3.93
2023-11-23,002194,10.68,10.82,10.84,10.58,137988,149960646.89,2.43,1.31,0.14,2.71
2023-11-24,002194,10.89,10.55,10.94,10.5,149736,161087670.68,4.07,-2.5,-0.27,2.94
2023-11-27,002194,10.48,10.7,10.76,10.45,165209,178048056.45,2.94,1.42,0.15,3.25
2023-11-28,002194,10.68,10.61,10.72,10.51,129511,138834681.45,1.96,-0.84,-0.09,2.55
2023-11-29,002194,10.63,10.55,10.69,10.52,114573,122647635.4,1.6,-0.57,-0.06,2.25
2023-11-30,002194,10.53,10.44,10.57,10.33,126931,133960141.63,2.27,-1.04,-0.11,2.5
2023-12-01,002194,10.44,10.65,10.66,10.36,162363,173201332.51,2.87,2.01,0.21,3.19
2023-12-04,002194,10.63,10.8,11.03,10.48,343571,374558033.09,5.16,1.41,0.15,6.75
2023-12-05,002194,10.57,10.3,10.74,10.3,270919,286360997.06,4.07,-4.63,-0.5,5.33
2023-12-06,002194,10.2,10.19,10.38,10.13,146727,152131433.66,2.43,-1.07,-0.11,2.88
2023-12-07,002194,10.21,10.22,10.28,10.11,121695,125492322.8,1.67,0.29,0.03,2.39
2023-12-08,002194,10.22,10.27,10.38,10.19,136904,142474755.9,1.86,0.49,0.05,2.69
2023-12-11,002194,10.21,10.33,10.33,10.01,134604,138463283.18,3.12,0.58,0.06,2.65
2023-12-12,002194,10.32,10.3,10.39,10.23,96856,101038935.0,1.55,-0.29,-0.03,1.9
2023-12-13,002194,10.32,10.13,10.32,10.13,94382,97304317.31,1.84,-1.65,-0.17,1.86
2023-12-14,002194,10.14,10.09,10.3,10.08,100793,103932343.48,2.17,-0.39,-0.04,1.98
2023-12-15,002194,10.11,9.98,10.14,9.94,109497,110807138.33,1.98,-1.09,-0.11,2.15
2023-12-18,002194,9.93,9.78,9.93,9.75,94053,93606014.2,1.8,-2.0,-0.2,1.85
2023-12-19,002194,9.79,9.79,9.86,9.74,71008,70378547.0,1.23,0.1,0.01,1.4
2023-12-20,002194,9.8,9.58,9.83,9.58,78060,76505159.95,2.55,-2.15,-0.21,1.53
2023-12-21,002194,9.54,9.63,9.71,9.44,85027,82345416.58,2.82,0.52,0.05,1.67
2023-12-22,002194,9.68,9.51,9.69,9.44,77191,74754494.8,2.6,-1.25,-0.12,1.52
2023-12-25,002194,9.48,9.5,9.59,9.43,50777,48853494.36,1.68,-0.11,-0.01,1.0
2023-12-26,002194,9.5,9.28,9.5,9.26,75975,71890671.33,2.53,-2.32,-0.22,1.49
2023-12-27,002194,9.31,9.5,9.52,9.3,84229,80485585.64,2.37,2.37,0.22,1.66
2023-12-28,002194,9.47,9.61,9.69,9.4,121075,117492629.11,3.05,1.16,0.11,2.38
2023-12-29,002194,9.6,9.74,9.75,9.55,104830,102939406.95,2.08,1.35,0.13,2.06
2024-01-02,002194,9.77,9.64,9.8,9.64,81846,80418468.55,1.64,-1.03,-0.1,1.61
2024-01-03,002194,9.63,9.6,9.69,9.48,79493,77065725.8,2.18,-0.41,-0.04,1.56
2024-01-04,002194,9.58,9.55,9.68,9.49,88092,85522515.34,1.98,-0.52,-0.05,1.73
2024-01-05,002194,9.58,9.28,9.59,9.21,96702,91948606.5,3.98,-2.83,-0.27,1.9
2024-01-08,002194,9.3,9.06,9.3,9.05,80335,74462842.8,2.69,-2.37,-0.22,1.58
2024-01-09,002194,9.06,9.17,9.23,9.06,68608,63699367.81,1.88,1.21,0.11,1.35
2024-01-10,002194,9.17,8.99,9.17,8.96,59937,54922220.0,2.29,-1.96,-0.18,1.18
2024-01-11,002194,9.0,9.25,9.29,8.99,101785,94831391.4,3.34,2.89,0.26,2.0
2024-01-12,002194,9.22,9.06,9.22,9.04,94672,87409996.88,1.95,-2.05,-0.19,1.86
2024-01-15,002194,9.04,9.06,9.13,8.96,59088,54215878.8,1.88,0.0,0.0,1.16
2024-01-16,002194,9.05,9.0,9.08,8.86,73298,66450466.4,2.43,-0.66,-0.06,1.44
2024-01-17,002194,9.0,8.79,9.04,8.79,63679,57525631.6,2.78,-2.33,-0.21,1.25
2024-01-18,002194,8.77,8.82,8.84,8.53,112901,99251740.28,3.53,0.34,0.03,2.22
2024-01-19,002194,8.85,8.9,9.38,8.72,255616,232912028.7,7.48,0.91,0.08,5.02
2024-01-22,002194,8.72,8.33,9.09,8.25,200958,176012826.33,9.44,-6.4,-0.57,3.95
2024-01-23,002194,8.24,8.37,8.48,8.19,114316,97064737.17,3.48,0.48,0.04,2.25
2024-01-24,002194,8.37,8.39,8.42,7.99,130924,109397654.15,5.14,0.24,0.02,2.57
2024-01-25,002194,8.38,8.76,8.79,8.32,155360,135863321.66,5.6,4.41,0.37,3.05
2024-01-26,002194,8.71,8.65,8.86,8.62,115559,102469796.98,2.74,-1.26,-0.11,2.27
2024-01-29,002194,8.5,8.09,8.57,8.05,169303,141551631.67,6.01,-6.47,-0.56,3.33
2024-01-30,002194,8.05,7.73,8.1,7.7,106916,85671036.16,4.94,-4.45,-0.36,2.1
2024-01-31,002194,7.68,7.3,7.81,7.25,125247,95391582.74,7.24,-5.56,-0.43,2.46
2024-02-01,002194,7.25,7.21,7.42,7.06,101360,74502230.6,4.93,-1.23,-0.09,1.99
2024-02-02,002194,7.2,7.0,7.46,6.71,149822,108567659.46,10.4,-2.91,-0.21,2.94
2024-02-05,002194,6.87,6.29,6.95,6.29,174554,114509341.67,9.43,-10.14,-0.71,3.43
2024-02-06,002194,6.1,6.65,6.75,5.89,182253,117195887.77,13.67,5.72,0.36,3.58
2024-02-07,002194,6.67,6.91,7.03,6.58,184156,128713071.34,6.77,3.91,0.26,3.62
2024-02-08,002194,6.98,7.56,7.61,6.94,231693,175027971.87,9.7,9.41,0.65,4.55
2024-02-19,002194,7.59,7.62,7.66,7.39,257280,197578211.65,3.57,0.79,0.06,5.05
2024-02-20,002194,7.65,8.39,8.39,7.56,373914,302711270.62,10.89,10.1,0.77,7.34
2024-02-21,002194,8.05,8.22,8.45,7.95,397382,330495470.85,5.96,-2.03,-0.17,7.81
2024-02-22,002194,8.42,8.63,8.64,8.29,413384,355072566.98,4.26,4.99,0.41,8.12
2024-02-23,002194,8.63,9.51,9.51,8.52,539172,486203585.65,11.47,10.2,0.88,10.59
2024-02-26,002194,9.29,9.29,9.63,9.16,529387,501906146.26,4.94,-2.31,-0.22,10.4
2024-02-27,002194,9.16,9.6,9.87,8.96,583839,554581310.0,9.8,3.34,0.31,11.47
2024-02-28,002194,9.41,8.63,9.56,8.63,540038,500917757.62,9.69,-10.1,-0.97,10.61
2024-02-29,002194,8.4,8.96,8.98,8.34,334534,298977627.85,7.42,3.82,0.33,6.57
2024-03-01,002194,8.96,9.05,9.19,8.93,284947,261327594.73,2.9,1.0,0.09,5.6
2024-03-04,002194,9.1,9.03,9.2,8.84,232946,212319742.13,3.98,-0.22,-0.02,4.58
2024-03-05,002194,8.91,8.88,9.05,8.77,219807,198619253.67,3.1,-1.66,-0.15,4.32
2024-03-06,002194,8.93,9.09,9.31,8.73,369523,337993984.54,6.53,2.36,0.21,7.26
2024-03-07,002194,9.0,8.73,9.08,8.73,246370,222134875.63,3.85,-3.96,-0.36,4.84
2024-03-08,002194,8.64,9.62,9.62,8.64,842973,805583590.54,11.23,10.19,0.89,16.56
2024-03-11,002194,9.47,10.18,10.27,9.34,985915,991239597.52,9.67,5.82,0.56,19.37
2024-03-12,002194,10.18,9.88,10.25,9.83,556146,558711803.65,4.13,-2.95,-0.3,10.92
2024-03-13,002194,9.86,9.82,10.07,9.78,377021,378523354.4,2.94,-0.61,-0.06,7.41
2024-03-14,002194,9.71,9.57,9.93,9.38,390270,380769164.39,5.6,-2.55,-0.25,7.67
2024-03-15,002194,9.49,9.76,9.76,9.38,280336,272950332.91,3.97,1.99,0.19,5.51
2024-03-18,002194,9.76,9.86,9.86,9.68,281317,278657031.43,1.84,1.02,0.1,5.53
2024-03-19,002194,9.84,10.07,10.17,9.7,504223,509697175.32,4.77,2.13,0.21,9.9
2024-03-20,002194,9.97,10.02,10.07,9.89,309443,312365743.91,1.79,-0.5,-0.05,6.08
2024-03-21,002194,9.99,10.06,10.12,9.91,293913,298290496.07,2.1,0.4,0.04,5.77
2024-03-22,002194,10.02,9.7,10.02,9.69,296397,294038464.65,3.28,-3.58,-0.36,5.82
2024-03-25,002194,9.64,9.28,9.79,9.27,247531,239464381.84,5.36,-4.33,-0.42,4.86
2024-03-26,002194,9.28,9.15,9.45,9.03,208325,194229006.21,4.53,-1.4,-0.13,4.09
2024-03-27,002194,9.17,8.64,9.25,8.64,188972,169601722.82,6.67,-5.57,-0.51,3.71
2024-03-28,002194,8.65,9.07,9.21,8.65,222454,202987872.39,6.48,4.98,0.43,4.37
2024-03-29,002194,9.31,9.99,9.99,9.13,529127,517391689.38,9.48,10.14,0.92,10.39
2024-04-01,002194,10.2,10.35,10.61,10.12,789704,821709727.83,4.9,3.6,0.36,15.51
2024-04-02,002194,10.14,10.54,10.83,10.1,804278,850982011.28,7.05,1.84,0.19,15.8
2024-04-03,002194,10.31,10.2,10.44,10.1,412746,426748838.74,3.23,-3.23,-0.34,8.11
2024-04-08,002194,10.08,10.76,10.76,10.03,692871,738915413.43,7.16,5.49,0.56,13.61
2024-04-09,002194,10.52,10.48,10.55,10.12,464574,485143709.47,4.0,-2.6,-0.28,9.13
2024-04-10,002194,10.29,10.24,10.94,10.03,443293,467536817.9,8.68,-2.29,-0.24,8.71
2024-04-11,002194,10.08,10.01,10.64,9.98,394563,409087293.81,6.45,-2.25,-0.23,7.75
2024-04-12,002194,9.84,9.38,9.88,9.34,504767,486737446.12,5.39,-6.29,-0.63,9.92
2024-04-15,002194,9.38,8.98,9.51,8.77,354791,325437482.39,7.89,-4.26,-0.4,6.97
2024-04-16,002194,8.96,8.07,9.01,8.07,352726,297316901.73,10.47,-10.13,-0.91,6.93
2024-04-17,002194,8.13,8.89,8.89,8.13,268241,236395850.69,9.42,10.16,0.82,5.27
2024-04-18,002194,9.0,8.94,9.23,8.78,362716,330887059.65,5.06,0.56,0.05,7.12
2024-04-19,002194,8.89,8.67,9.07,8.63,241287,214698409.28,4.92,-3.02,-0.27,4.74
2024-04-22,002194,8.54,8.56,8.67,8.2,171265,147508271.46,5.42,-1.27,-0.11,3.36
2024-04-23,002194,8.69,8.62,8.8,8.57,162093,142519015.63,2.69,0.7,0.06,3.18
2024-04-24,002194,8.45,8.83,8.87,8.34,261790,229490899.92,6.15,2.44,0.21,5.14
2024-04-25,002194,8.73,8.69,8.86,8.65,158665,140486729.4,2.38,-1.59,-0.14,3.12
2024-04-26,002194,8.69,9.03,9.08,8.66,234011,212185477.69,4.83,3.91,0.34,4.6
2024-04-29,002194,9.03,9.28,9.28,9.02,200255,186688676.04,2.88,2.77,0.25,3.93
2024-04-30,002194,9.28,9.09,9.29,8.98,165842,152947300.36,3.34,-2.05,-0.19,3.26
2024-05-06,002194,9.21,9.18,9.27,9.13,135571,126230489.0,1.54,0.99,0.09,2.66
2024-05-07,002194,9.18,9.17,9.27,9.06,125786,116861397.0,2.29,-0.11,-0.01,2.47
2024-05-08,002194,9.16,9.05,9.3,8.98,170083,157436544.46,3.49,-1.31,-0.12,3.34
2024-05-09,002194,9.1,9.06,9.16,9.0,129044,117247375.0,1.77,0.11,0.01,2.53
2024-05-10,002194,9.12,8.83,9.12,8.8,163408,145076915.06,3.53,-2.54,-0.23,3.21
2024-05-13,002194,8.76,8.69,8.77,8.57,114376,99392236.0,2.27,-1.59,-0.14,2.25
2024-05-14,002194,8.75,8.77,8.89,8.69,90993,79957713.4,2.3,0.92,0.08,1.79
2024-05-15,002194,8.84,8.67,8.87,8.63,76655,67001925.82,2.74,-1.14,-0.1,1.51
2024-05-16,002194,8.67,8.79,8.91,8.67,117992,104272667.45,2.77,1.38,0.12,2.32
2024-05-17,002194,8.76,9.05,9.2,8.73,194496,174958902.26,5.35,2.96,0.26,3.82
2024-05-20,002194,8.97,8.95,9.03,8.9,135747,121494318.9,1.44,-1.1,-0.1,2.67
2024-05-21,002194,8.9,8.88,8.97,8.81,90949,80709839.4,1.79,-0.78,-0.07,1.79
2024-05-22,002194,8.85,8.92,8.95,8.77,79785,70947223.52,2.03,0.45,0.04,1.57
2024-05-23,002194,8.92,8.72,8.94,8.69,97726,85676889.4,2.8,-2.24,-0.2,1.92
2024-05-24,002194,8.68,8.51,8.81,8.51,97349,84068907.43,3.44,-2.41,-0.21,1.91
2024-05-27,002194,8.52,8.58,8.58,8.31,81764,68853698.13,3.17,0.82,0.07,1.61
2024-05-28,002194,8.61,8.4,8.62,8.38,77428,65596995.87,2.8,-2.1,-0.18,1.52
2024-05-29,002194,8.4,8.34,8.49,8.28,67102,56220157.0,2.5,-0.71,-0.06,1.32
2024-05-30,002194,8.26,8.3,8.41,8.19,74190,61738144.7,2.64,-0.48,-0.04,1.46
2024-05-31,002194,8.34,8.46,8.55,8.31,81916,69337064.41,2.89,1.93,0.16,1.61
2024-06-03,002194,8.53,8.73,9.12,8.37,256197,223917951.46,8.87,3.19,0.27,5.03
2024-06-04,002194,8.55,8.39,8.58,8.3,181661,152466174.74,3.21,-3.89,-0.34,3.57
2024-06-05,002194,8.3,8.24,8.41,8.23,84641,70412587.75,2.15,-1.79,-0.15,1.66
2024-06-06,002194,8.25,7.9,8.32,7.8,188130,150445530.94,6.31,-4.13,-0.34,3.7
2024-06-07,002194,7.9,7.95,8.09,7.86,86448,68919151.06,2.91,0.63,0.05,1.7
2024-06-11,002194,7.9,8.06,8.08,7.74,75732,60296702.75,4.28,1.38,0.11,1.49
2024-06-12,002194,7.99,8.14,8.2,7.99,70896,57773347.38,2.61,0.99,0.08,1.39
2024-06-13,002194,8.18,8.17,8.35,8.11,98647,81089685.23,2.95,0.37,0.03,1.94
2024-06-14,002194,8.16,8.29,8.3,8.06,96161,78893841.0,2.94,1.47,0.12,1.89
2024-06-17,002194,8.14,8.32,8.37,8.14,78308,64975934.4,2.77,0.36,0.03,1.54
2024-06-18,002194,8.32,8.52,8.59,8.28,131929,112032987.88,3.73,2.4,0.2,2.59
2024-06-19,002194,8.55,8.46,8.62,8.42,90697,77081926.25,2.35,-0.7,-0.06,1.78
2024-06-20,002194,8.42,8.15,8.5,8.14,108491,89886007.17,4.26,-3.66,-0.31,2.13
2024-06-21,002194,8.24,8.43,8.6,8.04,236176,197445248.38,6.87,3.44,0.28,4.64
2024-06-24,002194,8.05,7.92,8.28,7.9,171111,138017242.03,4.51,-6.05,-0.51,3.36
2024-06-25,002194,7.83,7.86,8.01,7.75,112157,87987171.4,3.28,-0.76,-0.06,2.2
2024-06-26,002194,7.79,8.18,8.2,7.71,127869,102579030.5,6.23,4.07,0.32,2.51
2024-06-27,002194,8.09,7.9,8.18,7.9,94876,76362304.53,3.42,-3.42,-0.28,1.86
2024-06-28,002194,7.91,8.05,8.24,7.85,127264,103271858.2,4.94,1.9,0.15,2.5
2024-07-01,002194,8.0,8.0,8.14,7.82,95685,76016485.48,3.98,-0.62,-0.05,1.88
2024-07-02,002194,8.0,7.97,8.08,7.94,75172,60186774.0,1.75,-0.38,-0.03,1.48
2024-07-03,002194,8.01,7.89,8.01,7.85,59737,47267712.0,2.01,-1.0,-0.08,1.17
2024-07-04,002194,7.91,7.68,7.97,7.6,91525,71114584.0,4.69,-2.66,-0.21,1.8
2024-07-05,002194,7.68,7.71,7.76,7.53,60926,46616915.4,2.99,0.39,0.03,1.2
2024-07-08,002194,7.64,7.4,7.68,7.36,100862,75313091.78,4.15,-4.02,-0.31,1.98
2024-07-09,002194,7.4,7.78,7.8,7.37,141365,108058734.31,5.81,5.14,0.38,2.78
2024-07-10,002194,7.73,7.73,7.84,7.67,86791,67390919.02,2.19,-0.64,-0.05,1.7
2024-07-11,002194,7.9,7.98,8.0,7.81,96557,76585706.0,2.46,3.23,0.25,1.9
2024-07-12,002194,7.99,7.89,7.99,7.88,59437,47039786.1,1.38,-1.13,-0.09,1.17
2024-07-15,002194,7.85,7.79,7.98,7.74,54391,42439899.8,3.04,-1.27,-0.1,1.07
2024-07-16,002194,7.72,7.89,7.92,7.72,64594,50642241.21,2.57,1.28,0.1,1.27
2024-07-17,002194,7.8,7.65,7.89,7.65,71025,54877640.2,3.04,-3.04,-0.24,1.39
2024-07-18,002194,7.6,7.52,7.63,7.37,91730,68473621.0,3.4,-1.7,-0.13,1.8
2024-07-19,002194,7.5,7.59,7.67,7.45,63221,47892616.88,2.93,0.93,0.07,1.24
2024-07-22,002194,7.53,7.7,7.89,7.53,94404,72838750.5,4.74,1.45,0.11,1.85
2024-07-23,002194,7.7,7.51,7.77,7.51,62398,47500242.3,3.38,-2.47,-0.19,1.23
2024-07-24,002194,7.48,7.43,7.62,7.4,67807,50767599.79,2.93,-1.07,-0.08,1.33
2024-07-25,002194,7.38,7.4,7.49,7.26,58558,43113103.21,3.1,-0.4,-0.03,1.15
2024-07-26,002194,7.4,7.54,7.6,7.36,65216,49082523.21,3.24,1.89,0.14,1.28
2024-07-29,002194,7.56,7.61,7.66,7.5,51931,39494255.89,2.12,0.93,0.07,1.02
2024-07-30,002194,7.6,7.73,7.76,7.52,75497,57992536.27,3.15,1.58,0.12,1.48
2024-07-31,002194,7.75,7.95,7.97,7.71,104209,82143455.92,3.36,2.85,0.22,2.05
2024-08-01,002194,7.94,7.95,8.02,7.92,68842,54893680.0,1.26,0.0,0.0,1.35
2024-08-02,002194,7.9,7.79,7.98,7.77,64502,50760696.0,2.64,-2.01,-0.16,1.27
2024-08-05,002194,7.76,7.46,7.82,7.45,97971,74552552.0,4.75,-4.24,-0.33,1.92
2024-08-06,002194,7.5,7.58,7.66,7.48,64580,48703969.23,2.41,1.61,0.12,1.27
2024-08-07,002194,7.6,7.8,7.91,7.58,152218,118852364.65,4.35,2.9,0.22,2.99
2024-08-08,002194,7.71,7.64,7.79,7.6,98064,75302074.2,2.44,-2.05,-0.16,1.93
2024-08-09,002194,7.66,7.67,7.83,7.64,63808,49254228.92,2.49,0.39,0.03,1.25
2024-08-12,002194,7.6,7.46,7.62,7.43,71330,53559136.6,2.48,-2.74,-0.21,1.4
2024-08-13,002194,7.45,7.5,7.55,7.41,44904,33518796.2,1.88,0.54,0.04,0.88
2024-08-14,002194,7.52,7.6,7.65,7.46,73690,55822624.19,2.53,1.33,0.1,1.45
2024-08-15,002194,7.56,7.74,7.79,7.53,85284,65753322.21,3.42,1.84,0.14,1.67
2024-08-16,002194,7.74,7.91,8.03,7.73,154929,122577325.5,3.88,2.2,0.17,3.04
2024-08-19,002194,7.91,7.91,8.0,7.81,129472,102508590.03,2.4,0.0,0.0,2.54
2024-08-20,002194,7.93,7.85,7.93,7.78,75789,59457257.03,1.9,-0.76,-0.06,1.49
2024-08-21,002194,7.84,7.79,7.94,7.78,51702,40636416.0,2.04,-0.76,-0.06,1.02
2024-08-22,002194,7.77,7.65,7.85,7.62,70040,54074088.0,2.95,-1.8,-0.14,1.38
2024-08-23,002194,7.65,7.81,7.83,7.55,75706,58470047.39,3.66,2.09,0.16,1.49
2024-08-26,002194,7.83,7.95,8.06,7.71,101882,80461513.39,4.48,1.79,0.14,2.0
2024-08-27,002194,7.93,7.7,7.95,7.66,113880,88184853.6,3.65,-3.14,-0.25,2.24
2024-08-28,002194,7.66,7.76,7.81,7.56,72289,55814395.66,3.25,0.78,0.06,1.42
2024-08-29,002194,7.75,7.99,8.05,7.65,153922,122148798.21,5.15,2.96,0.23,3.02
2024-08-30,002194,8.01,8.79,8.79,7.97,609712,527234503.47,10.26,10.01,0.8,11.97
2024-09-02,002194,8.81,8.41,8.85,8.34,639183,546977605.31,5.8,-4.32,-0.38,12.55
2024-09-03,002194,8.36,8.87,9.2,8.31,637025,557650908.45,10.58,5.47,0.46,12.51
2024-09-04,002194,8.66,8.58,8.7,8.41,344576,294279723.51,3.27,-3.27,-0.29,6.77
2024-09-05,002194,8.45,8.47,8.52,8.38,228006,192441978.65,1.63,-1.28,-0.11,4.48
2024-09-06,002194,8.48,8.1,8.52,8.09,287353,236460870.71,5.08,-4.37,-0.37,5.64
2024-09-09,002194,8.03,8.29,8.48,8.03,246565,205077072.95,5.56,2.35,0.19,4.84
2024-09-10,002194,8.33,8.62,8.66,8.16,333728,282572865.79,6.03,3.98,0.33,6.55
2024-09-11,002194,8.5,8.37,8.55,8.31,183304,154200657.62,2.78,-2.9,-0.25,3.6
2024-09-12,002194,8.41,8.43,8.53,8.32,166128,139829617.4,2.51,0.72,0.06,3.26
2024-09-13,002194,8.33,8.28,8.55,8.25,169920,142329270.5,3.56,-1.78,-0.15,3.34
2024-09-18,002194,8.21,8.19,8.46,8.03,159131,130531525.12,5.19,-1.09,-0.09,3.12
2024-09-19,002194,8.2,8.3,8.44,8.13,171548,142148697.7,3.79,1.34,0.11,3.37
2024-09-20,002194,8.32,8.59,8.84,8.3,343856,294734590.67,6.51,3.49,0.29,6.75
2024-09-23,002194,8.53,8.58,8.75,8.49,287764,248368802.39,3.03,-0.12,-0.01,5.65
2024-09-24,002194,8.57,8.7,8.7,8.37,331217,283942041.44,3.85,1.4,0.12,6.5
2024-09-25,002194,8.74,9.04,9.5,8.61,543213,483877521.61,10.23,3.91,0.34,10.67
2024-09-26,002194,8.86,9.1,9.15,8.81,362024,325082128.58,3.76,0.66,0.06,7.11
2024-09-27,002194,9.14,9.37,9.55,9.04,450196,417232840.86,5.6,2.97,0.27,8.84
2024-09-30,002194,9.62,10.14,10.27,9.4,613331,605184716.07,9.28,8.22,0.77,12.04
2024-10-08,002194,11.14,10.84,11.15,9.92,709465,755263109.88,12.13,6.9,0.7,13.93
2024-10-09,002194,10.48,9.76,10.48,9.76,446475,450074927.82,6.64,-9.96,-1.08,8.77
2024-10-10,002194,9.76,9.67,9.99,9.51,281392,275703700.13,4.92,-0.92,-0.09,5.53
2024-10-11,002194,9.63,9.24,9.7,9.12,214701,201149330.87,6.0,-4.45,-0.43,4.22
2024-10-14,002194,9.28,9.6,9.61,9.16,216672,204498294.6,4.87,3.9,0.36,4.25
2024-10-15,002194,9.6,9.55,9.99,9.48,291350,284367062.82,5.31,-0.52,-0.05,5.72
2024-10-16,002194,9.33,9.44,9.61,9.31,162241,153598408.27,3.14,-1.15,-0.11,3.19
2024-10-17,002194,9.5,9.46,9.68,9.45,190628,182138509.34,2.44,0.21,0.02,3.74
2024-10-18,002194,9.54,9.83,10.0,9.5,328481,321145689.41,5.29,3.91,0.37,6.45
2024-10-21,002194,9.97,10.03,10.25,9.89,331693,333974375.39,3.66,2.03,0.2,6.51
2024-10-22,002194,10.09,10.2,10.49,9.95,390242,396733258.96,5.38,1.69,0.17,7.66
2024-10-23,002194,10.1,11.22,11.22,10.03,903620,985833676.78,11.67,10.0,1.02,17.74
2024-10-24,002194,11.22,10.91,11.58,10.6,1042326,1148432026.08,8.73,-2.76,-0.31,20.47
2024-10-25,002194,10.92,10.76,11.07,10.61,773658,837833573.22,4.22,-1.37,-0.15,15.19
2024-10-28,002194,10.8,10.98,11.05,10.8,551860,603105065.22,2.32,2.04,0.22,10.84
2024-10-29,002194,10.98,10.77,11.3,10.6,632134,690008738.19,6.38,-1.91,-0.21,12.41
2024-10-30,002194,10.6,11.05,11.16,10.52,555121,609836786.47,5.94,2.6,0.28,10.9
2024-10-31,002194,11.07,10.97,11.14,10.78,472957,517948143.02,3.26,-0.72,-0.08,9.29
